-62.06900956775388
10.564974259904684
-100.0
5.85312587513274
46.58514746429621
-83.94514488165943
1.2631139896868415
30.424315903295387
-21.41273597317244
-29.09068130978465
-27.06619194680464
58.401662632454084
35.07976270246744
98.18535579154897
-100.0
8.78932091485423
26.860542671442875
-21.309851150178947
-16.473979131289926
-15.160777987888686
53.16126272196554
-42.39427003172788
-76.9707541410902
-62.736775740055435
-100.0
37.46381398009886
-3.4468087990246743
10.645908777909133
100.0
-6.2586598601500665
31.46424408182401
-23.929131804595798
-100.0
53.470828494546225
-55.14673625943386
96.7283563658856
100.0
-11.77128479164882
-48.56238530188058
58.002129917142675
84.98774860584217
-31.270378827517664
98.80082426065994
66.00486108509665
40.25490111653211
-68.70471639305777
100.0
100.0
18.18552249821943
61.7409437689126
17.8627356980397
-100.0
-35.18468085195211
-18.934278713480452
14.482405535271496
100.0
95.08496202316398
-68.5874625077804
-34.45217743699477
-48.94859849110013
100.0
70.31543246086703
12.051838756992135
-60.568913386389774
-88.78939870363472
53.0402418038706
40.74866446771813
-0.6953725094828904
100.0
53.406751152600854
-100.0
-10.215531154996325
8.475974147999308
14.238166055867518
19.536970826289675
16.13553832666763
100.0
28.15790956217074
15.348676695625887
-91.20201996154888
17.739062558895807
-100.0
-56.82211553926422
11.881833692302443
100.0
15.247095362305387
86.57458926442293
100.0
-6.469434250197569
82.4431909946393
-94.47943923686422
94.89775421252509
4.815523753545015
100.0
58.53677645297642
32.3653781114136
2.718571197595452
100.0
40.95280902982144
-7.91096762938065
70.615867640594
31.911611778688815
-57.459965622258366
-0.07476888737097553
-22.2180912646861
-100.0
-10.29684933278618
-68.09256293336821
100.0
-7.061706204230596
-49.72334864462752
-100.0
-100.0
62.29117654497317
34.89168277360965
17.933229343683095
100.0
56.386012585547
100.0
-3.750591440748339
14.00982828106734
-100.0
-12.495371460821499
-79.3972443272267
65.26770348808036
-67.2793927620564
59.425598692502774
83.7173994089249
-2.1733578123819264
91.68297433265623
100.0
77.5938582651053
10.177085377534203
14.47979517515775
13.209737116253024
-100.0
100.0
78.4356443817143
-53.43616547902602
80.06207405355197
-90.54555985789001
-40.84862117817017
-82.76199326338079
68.70821098541528
-12.814892859169854
-11.231817862084926
-87.37013199694553
64.3417020763181
-40.0777595189771
100.0
17.9680952817693
-17.506200012343093
7.246207897855251
-4.939817220020613
16.48844341977823
11.07913474322278
28.649851809816983
57.34461490212424
12.672019697598131
-33.93384765593453
18.726062555227607
-10.288264261186402
-54.55780539534873
-26.323841501053806
73.4921889587985
70.47884176465246
-93.96784427746545
24.576763913533902
-100.0
-16.437944147835818
-86.53226089297888
100.0
11.283889491768488
-2.6861136939015964
-57.95674370440459
-100.0
19.671915310147305
80.98752589598612
1.77246569636438
-12.756732209604435
100.0
51.22568460783599
27.68763288039532
-0.6089734335862369
100.0
-55.17588600787564
56.2056285790934
31.45488884155953
-42.413859829348354
-44.50898786748242
-84.32243965214344
100.0
-2.0350152669233275
45.79246130841423
-100.0
16.456219427080157
-44.16242873559065
80.49154845279912
61.03602722880469
-65.27298990230324
7.647898843643372
12.635572747341765
-51.7490381985
100.0
100.0
100.0
6.074299766453125
53.58737306427213
-23.734762233962034
-11.19242944328742
-98.86490439086468
71.49674177203161
49.55485790744736
-100.0
-100.0
75.45792946421072
-4.784212296060541
-31.428673585058185
-68.88269199609525
37.452218221313096
-28.84045735780276
50.02642865291082
43.85559570803157
-72.1097297239643
100.0
-26.663283702684275
-12.683639633307125
-3.960169175515343
38.598490031678836
-27.73084137522962
21.87285866390492
65.08382578313619
-19.198710070567547
42.76221272307694
-57.79512290656275
92.38247687483084
-45.71819360432973
-58.19334786196069
2.8379515270682987
-64.33768431624664
-96.48305050501303
-6.2314471649909
-32.27058561762202
-78.5547783707157
16.264559636029528
56.655554175238095
29.690407167849337
80.89542745182005
-10.155337433124867
44.56282412761411
-29.855842050856694
89.6171893408184
27.141043873977083
-56.76179368895346
19.20046102074957
99.41266388229717
-19.328823012439912
3.3851449332731294
33.16257554853147
-1.528184737298366
-100.0
-96.96969562242111
-53.065025152900375
-78.69711154235573
39.94935244490564
74.82429823736128
-16.463888866500852
-53.026871448172415
16.84836112274273
-100.0
64.36851157228608
-68.2159044248577
100.0
-96.70930052688695
16.429846385211604
-38.82282288403761
-98.90915764216425
64.23568640795524
-89.94991443910372
-22.488219200975685
73.1007788771588
100.0
-17.400518956821927
-21.686472489214697
51.56551306776976
1.9933074375680064
-15.06998390346489
41.70937419023929
-20.495473553011696
-96.42711329954129
-100.0
-100.0
-44.54783977321268
59.943384119305804
-100.0
36.06054619855877
-100.0
100.0
-99.32722024576839
-100.0
4.720716530533544
-71.41521911025869
1.0676711630694262
10.845556631198749
22.7618218235853
-0.32135408662298204
100.0
24.664466934440043
-44.808023446960355
-70.08383198373154
44.773248544648446
78.32453333965326
-0.10497548306973226
40.44362692732564
44.40239679062175
55.67024664056051
0.2246785171324821
-79.92300990026118
-53.60611267681526
-26.67700753428731
-27.46104121513857
-96.02002405716294
-3.808232991928827
47.15500052392495
15.177327763486904
13.258052858345968
8.974324514151657
89.75550092527196
-77.40939609457207
-100.0
100.0
100.0
-3.2614523380584135
-4.100517737801438
-100.0
-28.8852909401145
100.0
-33.820340099974395
-42.18190190425514
-36.24600783769653
-54.47059753152146
100.0
-96.56552839236402
-100.0
18.600231057718783
-64.867233790688
-94.63729309412582
-77.20724322898518
43.41139405197161
14.22569496109092
-2.197271275693243
90.0214836475805
-82.72058251477176
-57.45177815278229
51.66332025211559
-25.23962880139039
-8.286567061297522
41.61398727844313
-2.0255211097426367
-100.0
10.358462602014917
-46.64075005757186
86.80192018532883
-51.80955784495671
25.841114680783484
100.0
-30.520470768311675
-93.1905585142661
100.0
78.20770077535333
5.477919424087503
-27.98857895381237
63.79008933749145
21.554260703230376
-16.54381596032103
-100.0
-49.067892461767286
-19.07274281490834
69.86999563905
-43.62106444252035
100.0
-16.518971261326946
100.0
-14.966296227971242
-4.009717604148183
-53.57217132477954
68.37111760584644
-28.5712866665077
-100.0
-86.18097869494387
20.262070568122716
92.48493106603718
26.904917622782705
-100.0
-61.07723586100129
33.00640954426214
57.35997864111691
46.45337295026868
23.06082168855431
23.464622675850507
-13.030671441202319
-16.172119070880175
0.22474745590441358
-100.0
-100.0
-43.4242209535343
-47.318549324361676
36.330061298636686
-6.285229384165142
-77.78255949339051
-10.677039166164342
100.0
-49.639093496243945
1.8625016282429385
-16.277254969980376
-17.715233332657533
57.53219377804959
100.0
-57.193510810086174
50.274678780771055
29.26145456693254
-39.289954696052206
-7.631129185615745
11.756237431337146
-62.24868404281276
-79.28562232648765
-21.144424640301317
-20.376891968700917
5.227802383510102
-38.391654122370326
-48.156489937513925
-4.410687455326777
59.30770721917333
-79.7442145194972
-18.20572558239232
-4.505445923959796
-56.32145347461517
-39.43741840355786
30.721712309442328
37.32164636008116
86.28205875807787
-20.541289858684323
12.521332443890628
6.138191585785267
100.0
-5.622362419406215
28.236923142620576
35.08332943965256
13.976042638652128
-8.93171221508025
-33.93872629558275
27.920695287531164
87.41804098589486
1.960105821725893
-37.43910947796941
-76.70918068566677
-100.0
-100.0
31.387502404606032
98.69984102463036
-65.54647349405835
92.96358220843607
100.0
51.34205060844988
-32.54141825987661
15.843591082437207
96.85958615111088
-57.63335335418665
-25.843565330313357
-42.89492683926064
60.93250923234554
-92.80202949836735
99.17633024467953
-52.750900572799964
-47.113900651161536
-6.753316898602148
45.14241030035481
35.259291246011514
-15.475908259886697
-100.0
13.672903500484985
17.733310038801683
-31.395597236825907
-1.403193137751412
-44.87113141477898
-75.26882996203892
-4.5350115481202655
-24.87472016910289
-100.0
-6.295432435573305
-92.89730761364847
82.77954432028201
-49.70238982113803
-23.23452752557272
-11.765940491671175
-100.0
3.630670921845434
-100.0
-59.063846418815714
55.62897254845551
-30.674032831975488
-22.460800207749905
16.911961606020977
83.94233986774962
23.601957074145393
-42.929179756364874
-21.543596021281573
48.40494490879584
-100.0
-15.547336360772967
-27.29521281118127
15.632456059984701
48.04743158287732
-26.276948393497147
-47.08738539483926
-97.12796213008335
-100.0
26.50392452093083
-8.079934038088904
-59.85381469448686
13.572215754152436
-91.66264213450259
100.0
31.980914689392137
0.9262293092010054
-66.53647148901462
-74.69321942760993
16.039905944872956
100.0
19.534431549664724
83.90815934813854
-36.95631895668491
-63.86293470008987
73.40300776056803
33.72916235651828
-37.8778746289193
11.919704932301727
1.3764468274141457
10.350247212682852
75.84425468925714
-3.5523031768173334
25.139364493469618
86.42772653947756
36.84250377646431
-32.88314159732103
5.647243024844817
-76.86691875575451
16.4004312917994
-73.97652354770278
100.0
-100.0
-100.0
-19.622645435493673
-46.45306847281239
13.68478478670358
95.01151164271407
-100.0
-76.94215785506155
-100.0
-100.0
8.104050982873765
57.50257122253498
-25.23699206284273
-3.5690043808115774
-67.7489364719933
24.337685176025584
100.0
67.18231193395708
-100.0
-100.0
-39.00540828646159
-30.586522815739453
-43.25899593829875
100.0
86.35337352775694
-94.89789647033685
92.18613423067893
-10.379681213260746
-32.913499010942246
26.40458247400232
17.818453777684887
-100.0
31.542497054501588
-99.85366117069377
-80.04063844236444
12.913973291758701
-98.74904322574949
67.10326888195274
0.7079661063770821
45.470636293854135
-94.3421748051159
-100.0
-30.210639008004932
24.13510107155928
-62.55764340679438
65.649340544801
69.4188955163304
-100.0
9.364867412448222
-16.15949349249196
-3.992250849579829
-100.0
45.56071890999512
-14.048575753284755
0.6197952456349332
-88.5218222517243
-95.18351065003074
-59.92696554945624
9.931746983990646
82.3100629351678
100.0
-22.855552025287963
69.10551967522952
-100.0
100.0
-41.14214063227314
91.76868763786906
39.46172201997567
78.36430771389217
-100.0
19.93404927112865
-86.23697055041904
33.589217444438795
-44.178037641334896
5.003409904584139
34.99427173735342
-15.03095637430215
4.792096091285311
100.0
1.2304980208260012
82.96055725357397
93.07517034959008
2.9964490582857977
27.96846262208495
19.401847466380175
-6.382562931257348
42.15342194809443
-7.805600539275927
-98.54333536232997
10.334102778606582
34.44966379199821
-69.82584898454542
100.0
80.0062174547398
71.10050746032495
-9.971201886822946
100.0
43.360797496842196
24.99080028738161
85.34897784592978
-60.332170403362504
-6.943519329025323
-84.0069445587615
100.0
64.3588479338594
77.23834321695082
75.37106030805599
-76.47115433299616
-62.34520312022618
-25.230839084911935
88.17518260883466
-5.8249025509394095
69.66839769052889
-49.708899274686374
-63.597884686056375
29.426499456804486
-84.84714603962036
-12.094886961478238
5.3503561613421535
5.4166091181735
-27.82454087286537
-84.21122870975003
-87.91789651620977
-49.38918186304069
12.485857572730772
54.26043683661661
-23.526016040987273
-100.0
-100.0
100.0
3.568992417805257
48.17466944812981
-15.849654024490857
-24.188665825639205
-100.0
100.0
26.71283451180453
31.931691017269422
81.42000330479642
-96.12370523013179
42.44903671164329
-21.409527152205452
8.117686806027576
-65.09491911504246
-18.152334647917073
66.01507902443558
-69.8499000758587
-33.439889057783546
74.1955439429465
56.50749433317226
-76.43679057703356
-50.903975040016284
64.253151692928
-6.5955676373794665
-100.0
27.794389048485378
-6.8147255277530885
-100.0
-100.0
-17.555608587934554
-34.8488920205562
-28.592528221735055
-17.671476150601155
-23.047602254683163
5.455923816136142
-87.95205881688811
100.0
-84.52669070287935
-19.760675495011746
-52.10232339592089
63.36768501618212
100.0
-100.0
-100.0
-100.0
52.148571479251075
-95.20783553794094
-43.25496832436711
-14.078888331717447
87.21082106275303
100.0
-71.12372092367886
-22.139523828530237
-39.90424622014061
100.0
25.973258667442067
6.028955135907761
100.0
-46.16392636188394
-44.058812647696044
-75.03812821999223
-17.191864026647455
-100.0
26.791703716483983
100.0
-26.63606367568873
100.0
-23.74934923307684
-29.303521462882856
48.19067711437253
-68.91165156115613
9.963508704719963
-61.46945373946423
-6.571704024468623
-20.426169629996497
9.597075258821064
93.10666934361961
19.34422534339658
14.236681881441669
-100.0
92.35127716683155
-67.41798253514484
-100.0
-93.06474296191848
-6.631543210937362
16.483508887236592
-44.3560966201188
10.695439174067452
12.626146773827955
0.13508031454059477
100.0
-85.87941302225774
28.437897628718222
60.55954270979949
68.74327888250058
30.830266895208343
-24.67480424839158
-100.0
70.0876633392476
100.0
20.008260787675283
6.262083364902843
95.66297638653687
13.653039765907193
5.829623244941282
-2.2280792856462988
100.0
-39.17399610162689
40.6860697150712
-5.696136469096226
100.0
100.0
0.19452295685140086
-0.6479439975285342
-69.6506575381818
-17.853306036711842
-62.98780272033187
-100.0
81.8979558317374
11.862951274723716
-12.606980319933921
-38.46657129467872
-2.157449027391955
-41.893560318984015
-6.490269399491347
-1.0725546490988807
42.855791528238285
39.549134687883495
-100.0
-100.0
-20.97335888237572
-25.950367833499133
-50.847456350467034
14.727064517821546
-34.63753949064626
31.550031361343585
3.1412017261918592
70.87346389239046
32.258744101272306
-74.47675721372303
-87.87190056554215
-63.0617235372914
38.334531449532655
19.74330157478922
58.32294889845852
100.0
-60.66128167205156
-29.299524673319908
87.82000967891186
-7.2692149688601715
-20.527256300474853
-70.14635790245075
-70.74860788517478
100.0
80.15621074802944
-7.128436431029256
-100.0
2.370975295004981
-56.0595818495719
4.459256913903532
-100.0
88.8269658506881
35.61926514038554
1.0766345737674872
17.1266095181918
-20.651158806928397
84.5941202155393
61.88480151709757
-15.06170569453391
-6.863316326962259
-7.067745658959999
-11.741422882750037
-99.1039787571991
-26.030737739855738
12.433159528321255
-49.518960331390325
-71.7254766570713
-39.14007108598872
-7.20515536271081
-50.19449694224021
85.5787188570287
23.133397343869888
97.57798654358385
-16.232019827581883
39.8896228615
100.0
95.60700789033763
-71.6957195673277
-100.0
20.745735349339274
-11.824870162864961
-4.0271264907604465
6.331054044769061
67.13681675005186
100.0
-100.0
-16.552265969474437
22.239946477427168
-53.621647024054994
61.308604027303495
21.784019257402406
-47.71284127982126
-71.47311747014278
-84.9639809717689
-100.0
-70.38617871810828
100.0
-91.86552765231116
80.56819950615497
48.396563506700744
9.229011803136242
0.20555364861928194
-84.06658920985016
-62.1258515577359
-24.753668553653107
-91.96477174528468
-64.56827909214074
-4.029618124789468
15.867799371655838
63.1198803142288
13.304286175227382
-44.61247223193989
1.801942974865888
-2.734942807148361
86.90116735771468
-100.0
41.663190286368454
49.379169937779864
100.0
-7.000696264142804
-65.50648602515764
100.0
-99.4672527203113
100.0
-100.0
-85.72032604876765
-86.10847373039772
-100.0
-100.0
0.6934870518705836
-82.6804431803437
-100.0
19.486663804527495
-12.263687491034664
-51.277079802078006
-33.23263517328678
33.34801589551647
53.232588176621576
-83.79832174232986
2.39041011712105
-12.92691904857412
-2.1201100001650746
0.0006640764026715207
-25.635969192792587
-55.614265279002325
93.56413849534653
2.3852479286879458
-100.0
-35.35172335749875
-90.67430970442541
-12.511491877291459
100.0
-6.981969938776522
-50.50630729958064
-60.10840780262676
-25.260422311731393
100.0
49.603981463121826
5.9412682305567195
54.28457136930484
-28.409594854038723
96.86730350636728
-30.633395306097956
6.171692744288171
-90.05108621683533
95.98778925944544
95.18308846936371
-92.22675151472586
-25.73003203756084
34.86318787921809
98.16677092727699
3.045773065200126
-11.705670259134404
79.27751552830804
33.053224080486885
-87.84038894947105
100.0
47.78875375494191
83.80006064614713
-93.49906825133026
100.0
-100.0
-39.49769004918019
-13.774318106157864
-73.354841473222
58.685089824367196
71.76821844376892
100.0
44.865899367386184
100.0
-88.25397167689852
-12.973488514735394
34.93094290082675
-31.73148226348677
-19.91114365745196
12.088123832849654
-49.58515657119695
9.49601198169028
1.5479934315807444
74.11709204043389
-67.06277339359983
6.98576352683812
-63.5828512386845
35.74649222038462
4.309932929904065
-84.90006966123565
-21.489876006609045
5.171668424506426
-69.99343935842082
56.71035200364385
88.2384720410852
-7.315750777166219
-41.931349041301445
-56.80003815735431
-59.386515939778405
2.926218481059632
-51.743445451911505
100.0
12.991538234954113
-71.23365168851768
-69.8313095369708
-11.628664369521324
-53.74430954313457
2.417497091554673
92.79823838485488
58.103372173816965
97.73631900252528
-27.029607667213448
-51.376151495209676
1.863707721796727
68.42207010471662
-89.95023550739182
-45.0311430995496
-53.74501102415096
100.0
-4.014453869970357
84.66527702237104
2.464565207934143
-31.342514421771867
-88.95594781500775
0.23238799356105688
70.25649913367207
4.222524248704747
-29.370239080974944
-51.21747693616032
100.0
-100.0
100.0
47.786617526678185
-94.5947027629481
-78.65566109528373
45.1035659344703
47.54049479576581
-82.91963595407661
65.01072334267248
-49.34487889069617
63.83523308275825
-35.24823725303911
34.391270540795546
38.60308983779669
-15.773089880504205
-94.1406817566686
-97.95054355141471
83.8542184327642
-49.79111553165342
-27.899677946664088
93.52033980296093
-52.0959313107888
-100.0
5.447708566270377
32.43406860064734
53.22525310386274
-100.0
5.766245787274631
89.65312591512149
39.76114494056315
-100.0
-100.0
45.264376150514224
47.326465748993094
100.0
53.04364535023697
30.921476330792668
-65.37649215263929
-61.75865181858129
17.40273524318983
-100.0
3.068985991792033
91.30835733171338
-35.14853388307294
33.09376768176449
-41.038475709350934
-12.830517116450123
-13.055791325668972
0.3207649998472526
100.0
-98.19403099266646
29.725997055165646
-8.660027814818342
11.92702833973912
-84.32846405187689
-19.189457395321448
-6.207552701600629
-99.19487255072548
68.75311696604905
-76.27272527879454
24.458114594902096
100.0
90.33735010796269
31.1684097472523
-8.76794253901957
-94.42156755751705
100.0
-50.86443492514006
-98.55772467356931
-34.14433011946895
-60.126437130261834
-18.818247595600443
-100.0
55.708685935435376
43.189082934836804
-7.353815359905464
-23.417122023665094
21.063531239462577
30.678129396150435
-99.48831311557484
-1.4014259359172159
27.038774335714212
-100.0
-25.088902528446546
-37.09393098633682
62.242516729095136
80.3599984530213
-1.4742289716462091
-65.67489736158772
-100.0
13.129807486972219
100.0
-63.96488319091844
7.293169219717685
88.7856348050198
21.978805344654823
57.03118171405444
-99.75376124401215
-48.90045611751432
-85.84983585987743
-79.79268176252828
100.0
91.77031234754601
-52.488044742253564
-82.51526072295869
100.0
13.127110637742291
-11.440998535565484
63.59692217258211
78.28047004102663
47.879963496402254
25.615655577024043
-8.478638115531975
-100.0
-4.261112023594409
8.456535907354796
62.70065039646484
-42.196071895016566
-27.248629155555722
-48.90099814288127
-42.665489213284026
-18.170359597316697
75.5020747127819
-9.579756981830865
1.004817906875561
39.89293384515753
100.0
-49.808424380976994
-100.0
12.465142740642126
-27.470582407967814
-80.51202532142905
1.3646625374509327
16.244082044410337
-26.176505142999734
30.87153723251474
-27.278397999336576
41.07070758122613
73.97883887440324
62.36538438354148
71.81122798017503
100.0
14.321617165502536
100.0
65.74008668806697
-100.0
-87.29354038528152
23.71206455902073
64.48616673973596
-5.232181847500879
71.5711593936374
-18.222886217772338
96.34995384455014
100.0
32.7312431311608
-26.20210073914319
-59.8033845579024
39.24865640225052
83.80405743759039
-100.0
-78.4042236147986
-87.89225210140906
-65.56214816650991
100.0
22.120402967817046
-79.5920027229994
-93.57281724239112
-100.0
-80.72666644088254
68.81365269317094
-16.689468000722652
77.17215440066136
83.22646974496544
4.890012999621919
5.264955179284124
-17.574712856543528
28.842816228166832
-0.46130914135179246
-100.0
-6.890625058242104
-2.2041438909796938
-67.88838551013528
38.610300009534605
1.4469014083744618
0.9313230327154098
-68.00692965273008
2.6606519776058732
-100.0
-100.0
12.361103072968397
100.0
5.771603731519045
-52.77895476760145
77.1055940309368
20.143196106029
100.0
95.71814946087179
-100.0
49.362237535655595
26.108981677579802
25.071142547740642
-58.84007658437422
-100.0
6.377839382162076
29.36825491439431
48.93148148751164
-74.76328054548519
70.1736546684729
-1.5520637414453038
1.2963488403124774
61.9964000001277
-44.873434599580285
-31.829451741312916
40.42515973436106
30.85987608763447
25.26858258977728
100.0
100.0
33.19309584098744
6.25082249697399
-87.73212647184673
-100.0
85.6172698779969
-38.74260694446777
99.63078541635848
-13.032104070275636
100.0
95.89958378190062
-74.61902522140102
12.40145559919083
-9.583161627451144
66.49972061957153
22.43960235900957
1.8619129170577153
-93.72635075233173
17.027101343067898
71.8633017506056
-11.48911243283978
11.128483450229083
-80.1301162977299
66.83097575548014
-41.859075440045885
100.0
24.986680312646484
-53.861298247698706
5.276998219695436
100.0
100.0
-14.772336743508575
-38.96566974507317
10.006245411611449
-24.923813700230003
13.913417688467849
12.313493263868128
50.75751270234498
63.85185998840451
16.12339546691797
-100.0
9.028206000221022
54.52762036109568
29.99072387380168
57.77735168046553
-37.250015581986915
-27.42365164331599
12.67891697846453
-43.38593696465282
-49.64876923463392
-100.0
47.30890165753935
100.0
-8.110586753303242
-38.091910668229545
-100.0
-61.63670540864284
-100.0
-100.0
99.40109963748084
-64.72378471229041
-40.08873252891046
81.0345111406857
-90.42829131293018
-10.655571823910424
-57.37063245743325
-85.93348467069065
-11.37285060224844
34.419338270050105
93.9777617880014
-100.0
-4.441190478273413
-85.14752068168544
-32.051624891301714
21.39125301991031
74.20153505882918
-84.78522234739896
-100.0
53.69074685114231
7.430916359872096
-92.69134786881851
-100.0
-3.981312995364358
100.0
-58.69537856284215
29.831027755715116
28.23931996036564
-89.69762265432065
67.14099502012344
-23.576435550577255
8.646132489978028
70.83667308870835
22.907015308840922
-100.0
-30.151639695663313
-54.341578329727156
9.707888319150655
18.070110395873158
-100.0
88.08302966760438
-70.25295964064503
100.0
-12.11909457888077
-5.2185960907102515
-23.87730983174574
27.289239826738267
36.50749097700562
92.79963738647616
-74.48111597204495
-71.56148178099123
-100.0
100.0
-100.0
-95.76998861621954
82.41028457215123
-6.331132662117454
1.1414056953286094
14.851517919513576
-12.964347015593484
100.0
-49.649863039885844
100.0
45.37680283299342
-100.0
90.29023158474327
-21.55136018372247
-100.0
-76.16584503023682
100.0
-1.852966365362608
-10.91091990573901
39.290014481673296
68.71237573722496
76.49726536630355
100.0
-50.19556420682405
39.46075677554907
-99.28945166644642
100.0
30.74824821079896
-30.70206978175045
18.994598325196534
-51.179387487812065
-100.0
0.024301617759897587
66.50697195073931
-3.94772704640296
-28.318120671568323
-100.0
100.0
-20.89941153453741
-52.90936493570673
53.78444205889751
3.9323099955296428
29.9638404231619
-100.0
58.73402692948461
-2.0233739995525015
-15.35022787764613
91.5505230594431
-98.08750327567459
100.0
-56.728924308796095
61.00476967289326
-36.98510685492847
34.84985693512512
-61.22058573743961
100.0
67.0161467619037
-3.4038199610957474
-59.030101129360304
100.0
38.40604505961089
22.303350280482654
-81.09760802440026
-100.0
-17.054901688620735
100.0
-100.0
100.0
15.940768473548218
-14.72975663385813
60.52519831240143
38.376107504636906
66.0312821029915
-48.719637260301155
30.6850421056088
100.0
-18.41970398585448
-37.02618728595578
-88.01516682106583
19.446351625878272
-31.158748530123844
100.0
100.0
38.339506959423666
93.25200325114135
100.0
100.0
-85.60478758608846
-12.172435455331206
-100.0
-2.590791805796126
55.818252270535616
-34.22821574101459
-100.0
-54.86207982487813
95.4824036881999
23.73644152589035
95.4218606458241
94.89384542719934
97.68608553519275
-35.86940986700128
100.0
58.64383630262854
93.70796565618804
-20.212806325853062
-3.5795812395315156
-17.53652158744078
100.0
-39.73306652151252
-45.262583892299226
-100.0
-86.83955590091618
10.507108444148315
5.395206665224929
100.0
-58.156812501821555
-95.70130594841756
89.15528875324422
68.94548575471944
12.147549859660877
-29.9618188575533
-48.39158013043603
100.0
-6.271576765036938
32.45069120023217
100.0
13.186140302378199
-8.639145833466952
-52.564207120902424
48.94716568982041
-100.0
-45.64322182510641
20.116167154957008
-25.33042316594411
-26.26099952677546
-95.26682961802004
-100.0
63.269994492403434
-34.1646274190319
-42.22130395357286
94.33161503651871
95.95212429424156
-50.91617961150601
-67.29755253288153
-22.49497043999692
7.833833106063194
-50.9119511289771
-100.0
-41.747351050950556
100.0
-66.15552727040304
-38.16077509133734
-41.82866864228127
89.6766486251502
-100.0
-100.0
21.598670669679258
97.41144240933207
-97.52467749901149
-31.37587581046378
20.48746466232189
-100.0
-23.056156645022234
-30.767015996271876
-24.674732374830835
31.08245017655334
-82.16835490470207
89.1603937691045
57.341842982247954
-25.88891497846978
-66.99152650433307
35.562221810173156
-38.46055697458791
-22.475187406232177
-60.4757093038623
25.056550375768268
100.0
84.22050997392707
-100.0
100.0
51.689849081643814
-100.0
-18.80594292534396
-21.674188087344305
84.83118880590217
91.1077989889858
11.502582604559265
-100.0
-22.836922504148305
-36.934340090745
-41.55402965463721
-88.23835559942958
0.6595037712930534
9.647119879729
-7.417421460872715
24.111229802481382
7.486144586871775
-100.0
61.43217050008156
100.0
-100.0
-100.0
54.91956573372689
11.1574905072742
-97.89407435008074
17.40599570630953
-55.08861619177509
2.345011806861603
-58.057353994246554
-9.484545163924901
92.76126939264368
-27.395338374037546
71.04906546931957
28.51159812022044
-34.61389535353079
-43.96049148432719
41.855730345918374
-100.0
-55.646376394710884
100.0
-56.15488554261516
12.827968356102359
-95.08328403012626
-70.95898480736246
98.85507897971505
-32.20103026152752
-57.331033885030195
-100.0
61.46357446739832
-43.08303449281935
35.66722568129016
44.76377239649304
-100.0
-90.18118376843924
7.185428403598075
60.40933101535455
100.0
7.111936700857171
89.09603390811421
100.0
-19.905125542469236
-60.23542275733163
30.93900746501437
-92.72094577202259
47.81742645857865
93.65592065497678
58.66786367658666
7.895344038466583
68.5287502311865
100.0
100.0
20.56291095687206
89.1744068535669
-88.45645865169698
-18.91660016271154
84.91176644193312
100.0
-84.60625553862863
6.778326980512283
-91.31339196132473
100.0
60.49643487830738
100.0
22.551225832939956
-98.40253481172351
-39.02306356956305
3.724036057106422
-97.33011363869666
100.0
8.374517911151784
22.590848864386132
-90.30117733974134
-45.05399093227243
3.4213173607274108
65.9846375696542
26.880723594780587
36.890894129755885
-72.316775638068
91.85478853122572
53.903322458399714
-19.56268285119146
7.813086171664482
27.259223664672984
-44.58112258455489
-91.4700992767968
100.0
41.79365895239568
-80.06296033935344
100.0
100.0
34.745482673496184
-42.552890256208556
-22.815819243343675
-67.84093029500741
29.520325779126182
-100.0
100.0
-94.36019667175614
-28.19616714883084
100.0
-89.60780731102726
96.8275828944362
100.0
49.81887430336336
-63.56323661228079
-50.50396547561545
-100.0
10.450536880854163
-6.688682612947657
0.01245603537896045
21.57981202471183
13.828438772532508
-68.7934243123662
22.238542825924622
100.0
17.67088197295316
-95.08989994479288
3.8476917875854877
-70.8444764088398
97.1528010254124
-100.0
-50.240129329622214
-24.142762918900893
100.0
5.158546453287017
-4.86962984851708
76.30605024564109
-66.13760964558575
-36.79478709186819
0.6784091836365747
2.1396474631560114
40.62276060471694
-100.0
-42.18310111776551
100.0
15.694783634790403
-90.7009429624041
-100.0
-100.0
-18.23682890105551
-47.87804226613701
63.269765698398245
63.92139653995923
-28.652090909743432
39.31374980170923
15.459194859942228
14.27811082882378
-5.6751190529599445
-100.0
-47.53131410851695
25.26758962735632
69.44468143544378
86.98112740674613
-6.607937074210747
-98.90760056282923
-41.561639446708
-99.03490196321158
-30.17477615078635
36.60921193915901
-28.14829841874309
-68.96416988235512
-100.0
-27.66997817376711
100.0
-10.395631739534947
-52.56107159137402
-49.736903366019185
-35.03459445905197
22.803983324733657
7.916033756663012
-74.39820039864765
43.038609685506245
-22.528630593974963
42.823968538545586
-10.302834257688914
-69.89794269431611
32.506839516944
87.14707461822306
18.772922419336666
10.412820970016245
-56.283899856233425
87.67920249525075
-100.0
100.0
86.9332555775911
-100.0
-84.76695653424733
-100.0
-100.0
-36.49974306678912
-85.92077946629774
-81.21454974154346
94.85422738836736
-32.327583364048145
88.85722505890287
37.011087367406866
-100.0
17.0620509679921
71.58252056676959
0.8914293481526947
24.633111756095218
-12.18332247487512
-100.0
-100.0
-44.34437307530153
100.0
13.676581622258821
-96.56635721493089
-100.0
-5.928725094472194
82.80346341312313
-3.788482091999846
-38.6924311397269
-16.622946516183063
54.06974154728564
0.024364829732383964
80.76832345639173
-32.40382937523206
97.68317235526438
15.796581005925555
-96.46472249092012
-100.0
84.26525822480191
-64.3621580767923
-8.207486745284564
20.512344932591418
57.869071433880414
13.07500261216024
81.66810365517281
-72.63813408377284
81.72547014013108
100.0
24.9008575148515
100.0
11.084519474386518
-0.37745983226105406
-72.20063109080701
-28.19693003735694
-63.88172889129125
-5.792639918044059
8.589805626861406
-33.546825068834224
-20.842995314273594
-34.13981212472908
-45.138954083849484
-98.81592269586083
-41.39072524142101
22.11283914921383
35.33013098767112
-23.95653021056015
53.71272288328951
0.9386535796924727
24.443061881237423
33.20203294851744
-6.551611851597464
-100.0
-46.189336676469594
-10.44561625942957
11.899530443216902
-100.0
-100.0
-91.16560189087753
-9.004036531481368
-52.97140883211945
-100.0
32.402901702717784
10.916427187835112
-97.21740167878188
93.06136890300664
43.75979223490559
91.04513210703564
3.8529653314759393
-100.0
-100.0
46.427450810655486
-100.0
100.0
-40.94017530175618
-92.50245096207635
-1.636756648968145
21.17705821170623
-56.63159538697628
-6.033835548938175
-42.62040889015912
57.211200131662736
53.97470775129973
2.441200547133651
-98.79874600626368
-100.0
21.713052299453523
-51.12197174808608
-30.97337703682647
48.32633753314439
41.917265568276434
-68.21321200493004
-23.130880918660147
7.1806480975147196
100.0
-24.625339146747404
-100.0
54.483770256241776
-33.85938673230821
92.84476198345172
23.984138506659995
-46.35722071293992
-33.470790992147066
82.97157461549044
-29.533026355413266
97.93228901379086
11.278728654430019
26.714625488385764
100.0
-33.52020657310014
9.824691907222567
17.774612349273603
100.0
-62.5812049408647
-35.99396869125266
-22.50568997220299
-37.35015092504398
46.692601104995035
-100.0
5.546958314195496
-12.486229534934672
-15.689965922137873
-72.31875975654327
-97.65174840009473
12.681694531606723
-20.780207188463216
26.36134551925852
-90.67462277055448
11.009687029937394
100.0
-60.99679715234115
11.527198310232393
36.17811248874217
-1.3841852477187726
-100.0
71.74091218956264
100.0
-27.031259545515752
-2.7896935601041815
88.63292605688503
-91.73386191274561
10.09797948612648
26.25932292544487
100.0
91.40175403550177
-89.76142447395203
11.797269843349095
-11.207227446134805
-81.79461552902731
98.94656116302524
6.546601755267204
-98.28201469391769
-100.0
8.214612727560121
47.71310583357045
-9.608050911621849
22.870639179599657
1.9180142451325755
33.447848232115426
93.65865948331955
100.0
10.2327885217622
92.21524036674252
-64.87741062839824
100.0
4.1037859388396445
-100.0
81.77202982569897
-67.14208554468485
24.48151655118334
-95.79094661794092
-6.315746372582505
100.0
-26.873076843716994
-3.1000779518308916
-25.023131363176056
-16.808984888984384
84.24618751231799
0.9155418762158494
100.0
52.17058984527464
96.26086518066171
-100.0
-89.88289016029746
-18.12438235671182
-87.55537485992545
-17.821535755550627
-30.30885674727413
75.1486839891504
-100.0
-100.0
12.203676357264545
-100.0
-100.0
-80.68253400026491
-100.0
-100.0
-46.92862093831315
100.0
-51.27406498215018
-10.79854763280619
-100.0
43.27794105006623
-70.85882906392112
96.06114512772925
9.765193896015639
-24.25242984426838
-85.36754066897223
-74.5209298973694
-23.50462671556964
45.71455429956826
77.66488944127353
-48.54702007543881
-32.14083427421658
36.21835733195744
-58.34066796987882
-100.0
29.444337031451962
-100.0
-78.15313518244686
-40.939828565274276
81.89865615004464
10.799060492231677
-89.32825872677826
-100.0
62.89241685340758
-89.49971820387404
-100.0
-36.90624295424509
35.52890280040066
12.685309139210785
-92.14117222572108
18.49532401521046
-67.2678529594995
-4.96380761792723
-13.658324304062983
4.952823703246722
100.0
-11.507753633735243
-76.26599199864249
3.6850898172958537
-88.13879179006591
-14.69467989469911
95.79121826815856
53.68801164491614
2.5196467339576003
-22.865589573683728
-80.77867469914487
39.790257071362156
67.55073667015402
99.38289199195985
95.96305951714228
-13.909850425829168
35.82168175166848
86.37546177606633
4.7712783524671565
29.725872655061124
-100.0
100.0
36.86010693033538
-4.7695522521147184
23.810661645867434
100.0
-100.0
-24.006605776252783
-64.87722716064127
-4.26784981047928
-42.93028268356441
-100.0
11.920138699147245
-17.796313285121503
16.678008766620344
-56.579610099255056
-13.657121466047151
100.0
18.35896011786045
100.0
21.817720889322903
-47.70180743653726
-100.0
69.26241022871167
91.92632661945952
100.0
-21.81769332233927
-2.417579133488374
-1.4823421089253257
70.33552260759012
-96.87148241921238
49.79203504690379
-50.53618718834599
35.5357698140905
-62.855793433629024
-89.42190060128745
49.34188492333542
-72.44846808485951
1.109961361462
-21.139667314990653
-44.558595651214155
62.22216284037515
34.84705967710549
-68.92512972905126
-100.0
2.9121392056133857
43.38916259493582
-80.22513920663962
-100.0
-49.35708409459576
-92.54969037882368
-40.4914042624203
10.4565358609531
74.89377928501148
-11.33343257933242
4.516076603055561
-91.30535112420947
-12.090213578668811
-45.46996672578351
11.840788528655494
-5.519301111907467
-14.425586607046332
-65.75241568500726
20.657268522957473
-67.72796167840247
-95.39574401882878
-1.921431484451455
20.50805297152172
-40.87738348508922
44.40144629023695
-58.62841020010864
-52.848178892314266
-2.781032186208961
-33.21406638387331
-100.0
93.00481086000597
100.0
-100.0
100.0
100.0
31.571827715359657
-17.920450399929685
9.742653998299309
76.69989679716578
-47.30188130988932
65.13692077592913
-45.64470455261231
-47.783186457896264
-37.93821763698986
-100.0
29.13735575142166
26.79139061006176
-65.16820703124199
14.58002369339287
22.885808671006433
-0.6152335301928917
46.58978032616723
-100.0
29.59551138034654
100.0
-0.1971610168453779
100.0
70.96157410348722
-68.36583406358783
-20.220293244669094
-100.0
-98.5481475339221
93.32489423774973
3.6183065792650826
30.35847359544286
14.791316967561956
1.4161753881018049
100.0
100.0
-84.4819256042064
-28.715364229206756
20.765760905580308
-46.58577113171651
-64.62097550779164
-15.784361893540245
79.32719726346228
-97.17091997530247
77.31483303767716
70.94792818052301
100.0
52.654705926321924
99.96831498340768
17.181480494658743
54.39263205779842
7.615539509742806
100.0
91.1696002378981
-18.716380758506737
10.517039449320833
96.5048446540026
-25.417970283033178
-35.743926204255594
-22.681746524119735
39.63281426460439
-23.068231648552164
19.587752689158442
-100.0
44.690520523537394
74.22475564976573
74.99416155452464
82.31303026179164
23.341124029457404
-21.608422980413117
-80.51848374191134
-42.08192540129733
-35.61975142724981
14.911100288277417
93.68991822359702
22.6975113803472
30.593675042259534
23.317732858207624
54.70516399946548
73.42905449828329
-31.3762522184135
-13.551849255650437
100.0
100.0
-27.41966315702515
-63.89194274037546
-26.666858928139753
-51.86673834435617
-40.664816716290474
-23.854409806452303
-78.46512583891243
77.87913058241378
25.35779281965939
42.32573860291471
5.635425394268584
50.228387811794725
-40.29066225839261
-97.20445119598558
32.03439265866951
21.090821517953167
53.56560172109661
-56.390203846275554
100.0
42.97040905923589
32.78881532845751
-4.569288082495655
12.522091531613441
-5.108184389897399
-28.29256770500707
-27.238947998638128
81.81318845918882
-14.631127358274082
47.247397149579456
100.0
74.60267936020745
93.62008341930299
-100.0
15.488118591721557
-11.385661631982133
100.0
6.977422982317629
-17.84341913615243
-100.0
33.42834995667827
-31.046383851278996
-75.94998494035413
-100.0
-5.5288674803123286
-65.15999992419295
19.07394062423345
-97.35335496479172
-52.38615599975036
100.0
1.570579587022383
3.4335223362920035
8.736385947293801
-98.72034258013576
14.447243851820264
100.0
68.14197217489887
-15.517814837596518
0.8274757530540313
-6.100516409320882
44.10872909033402
-12.092823715121463
6.055062411177012
95.19269212990619
-96.25450304269316
-33.82608351737509
80.76897073033635
-27.72427366735539
100.0
-97.85528098069871
-86.06871926710593
98.6475597849238
44.12826783343877
97.94688722848805
100.0
-3.179948204801782
-41.66941210423741
-2.9569145816119704
15.895107254744524
-29.105459711857428
-33.309540229403424
-50.430895943084465
-40.04535871978396
-94.94291001553678
69.96628015895294
-100.0
13.360574443103744
0.4916995138559841
-77.37146961722247
100.0
45.118135744321215
-90.3399445354735
45.71110418946205
63.12289005445255
-100.0
53.54496641091076
-100.0
-4.555132669540936
16.262831790064865
90.52784386954437
100.0
-16.973537304883298
100.0
94.11554990488028
18.98279019439347
-99.92086168577622
50.46338034399561
77.09538276462766
-12.69855186493832
37.69070010649532
10.065961006349397
-44.013143897135116
14.290597910227332
-10.00319279209617
22.98151549012438
-100.0
39.40623084554236
-28.12379584975917
0.6859245510993759
-68.43230089977094
20.76068176219966
-100.0
-95.00423358750092
-38.689624725506214
-100.0
31.933761682971856
-18.096327707007294
-24.616615059586202
100.0
28.18676573296034
58.31139681440431
36.206371779181026
-37.73197577333274
18.619693266324724
27.132298976276495
-100.0
49.162497625690406
40.041468181582076
-35.084926402744976
-19.374690411044096
100.0
100.0
-95.75256132930953
29.778760545650805
-19.839639714499636
14.40316769651642
-49.287894572718514
90.69355039904384
-15.635499603669349
-96.66457312956396
-100.0
29.858607653180997
-3.499180074916378
99.5283403866309
-39.47035028616329
0.4404613813420326
48.699458036312876
78.63559100661209
1.3007799366396493
100.0
100.0
54.773288109573514
0.006542564386462502
30.608543211622102
-90.72942664922864
-79.1440326224308
100.0
-42.606362086295974
-48.701980591481416
18.781372483847644
-19.98128933321082
100.0
26.302018987987793
-17.08838514765196
-100.0
-14.575059608731937
35.831513615348925
-0.6683502848449114
100.0
27.412211059214407
-84.71957513775843
-39.345059798983726
61.200552349852956
49.938407095370394
94.71164981188133
-99.44523759191895
-5.029292004343965
-8.598733859395624
11.231688134596538
27.954193756737805
-3.9235004859989075
-46.84866792642265
-100.0
75.63986216266383
80.84137690166042
57.22319658009894
98.52087058496105
15.557313315509157
-78.80650021603455
-18.462069812243197
-28.506630837058594
86.41200225704875
10.77404736923217
9.717747698365748
-15.441355785873277
12.51141873196536
-100.0
86.58322738793463
-100.0
-46.70192601690583
-100.0
-28.787236742046503
-5.455423715891527
69.9874037013212
55.8475331158627
-95.47590860431711
72.73358663165132
-79.65534982681163
-11.669874124505533
-72.60112363443434
-45.63494895111403
-72.0513569513829
-14.420386708762392
-44.04066372166341
-48.61929095589224
3.9807392508237927
-83.59259714320058
38.37769484809564
93.12374469213611
-39.65298537450073
-27.03844175784631
94.957075906066
34.80782400772944
52.93838014443646
-17.823578682502493
-74.49929587430374
-67.37656613982648
-79.36666260042014
-12.655015128615313
100.0
9.008162625678537
4.685284500440542
-91.19668333844315
-16.83774918398826
-22.043429764886007
-100.0
-93.27802173383249
37.925792932176364
-89.98925985551972
63.611310721453044
100.0
25.538085572584187
62.21770855127268
6.077254955978053
100.0
100.0
39.817381271890454
-40.22397267772632
3.812921124978562
49.71601145619904
6.218613042188789
-85.37511449382981
46.74049490866842
-100.0
100.0
-100.0
18.59280781938905
-64.29482735425066
-100.0
26.476019161208765
-83.67046432634992
42.19004091833559
-10.361380492506544
100.0
-53.9158195592738
-51.324306453457545
70.17261918387376
0.5032957170220742
100.0
2.606296402528246
13.070806604131674
-96.30722566768767
-23.512911619954874
-3.912515345225707
-30.544960950186343
47.96697997840592
97.68362640481138
-14.052559320777995
100.0
47.120953259422755
-53.060997200966455
26.40335337340013
21.654787379529736
-76.41625941853519
11.226734190637838
29.94016869031816
-31.87572775116247
-34.953773620102545
4.373417172585544
27.840601302322227
-38.93752748588023
-11.875274651509184
15.653328346388925
54.99354412154058
16.207108870025863
18.72836910059047
-84.78812740702283
9.038141770058013
31.293395294535262
8.001533435490009
-29.946143761531722
45.65643959703635
39.37801785780084
-41.34426296939698
-100.0
-83.05087108663962
27.884454502443777
30.987404594474057
-49.16273414733301
-92.34975948262816
-100.0
-25.63528849118243
-47.069102693788466
-100.0
-15.095921576521576
10.281412961549758
-0.6838203686720581
-11.120984297211713
-23.395988853240013
99.26009128944744
18.334782818628174
84.79979489491873
56.91451867572206
84.29939417478708
53.98545859758831
1.5203031591917835
-100.0
-100.0
-5.933669830445702
-22.06245815100076
-42.83373398647462
-29.6263543291405
-8.459490932542991
-39.24259149298789
93.47743610039335
-100.0
-22.885975892875997
78.65203508944757
-38.949148729175135
53.54577710328852
-78.0594604853273
-19.10970361635463
-43.135465913446716
-64.68176580016413
47.96279682237469
-5.997014517692356
100.0
2.910299806008072
99.31515209820597
-73.59205927744463
-78.24919834650686
-67.54779414267493
-100.0
-27.86988553955902
1.3708960838234212
-99.59103843807463
100.0
1.8688663465774322
-1.687696515117155
16.400532582645422
99.41117523494596
-12.18217797079464
-37.71034361081756
58.009116693597115
-94.1212642357966
16.52234849445862
-7.2382461435692615
-14.59458649857427
100.0
16.137096560828503
-100.0
-30.547301422093724
-58.90933628232871
33.57893140441623
75.98786055435863
-27.46128647896996
79.03341255231857
14.934445175086832
46.56925759884618
-100.0
-52.20629304600672
-0.9003566300075141
70.3676534302301
21.090588008997432
100.0
-100.0
91.08810425963435
31.001400426927432
-5.832519348959162
-81.68079620373462
100.0
-0.2055585288915882
18.724663872668284
0.22153068484166027
-19.800637752822375
-61.89106739426805
-9.911880520347434
100.0
-97.02863295532228
-12.34885241025036
75.90241905016643
-79.63899915804099
-100.0
69.64299108041142
50.43385039480776
-22.144176102137195
22.336133766418
78.70778089878283
99.1291965756389
-100.0
100.0
-27.407099005663788
-16.931422426568673
-100.0
84.75307534440348
11.530990009300753
-100.0
38.23528219585536
-100.0
-77.22628374022634
-54.338861836794905
-58.24192196099376
30.7994483038227
-25.772652521586416
-23.01810397816869
66.43408400736695
-100.0
-4.793722651294988
47.18156854466759
-65.45965547021852
55.02592094841251
46.99896374628715
-100.0
-100.0
21.123338775084303
57.30039963235576
68.25154199311628
100.0
-83.34116158443341
9.880215781594925
57.025572875155056
-94.97118739345186
21.780515368994052
69.68211155840987
97.17856115126358
34.440428058746825
-88.89100524326463
-92.76581558780155
7.908008844516127
-93.17748680510698
-16.032658711573255
-93.30140750338069
-62.98608019500784
-65.461496037268
-100.0
-92.16332155966276
-16.26023192966797
-44.437334720990854
-8.405912670865096
1.0388158493101258
-74.90649486470542
4.073630902628507
93.7594631453834
71.42172710760244
46.34821269121414
76.27037224389524
-78.1647128550801
8.103180174917535
-100.0
100.0
-15.671565955610536
95.68681107426771
-80.29444154649308
43.38133375008459
9.177242394679794
55.0347315978402
-92.67819551508217
40.54439856901933
-2.6060811992350503
-5.669890059114227
-100.0
-8.745570027646124
-100.0
-56.39978783555439
27.50834967634836
-20.337001519985726
-100.0
-80.07445530048093
-54.107910813583196
60.38487405942753
-100.0
-67.40525572904718
65.37180598929345
72.6133710802621
92.69330515580997
-12.132859081496946
-29.333545676259007
-100.0
-0.3793749555801913
-5.588804534190118
-36.958430830299825
-100.0
-2.124713923638515
21.559475046577127
100.0
-14.918995803357099
-25.16821500534295
43.550267385414315
-8.631730209413444
-38.510709782959154
-72.56308033644243
-100.0
-40.53217825002232
-82.08978906252784
18.778999231997222
-100.0
-87.89662926462539
-12.484499469346707
15.902880402185778
-39.03140535397372
84.4251161732421
1.9658776036763204
98.05632965169434
-35.87839602361232
76.35023228022416
53.115695210258195
34.723607179713845
52.60727922039478
-100.0
100.0
52.76209873569563
-87.84460923464351
50.91978092681258
-24.85917163801928
100.0
49.29769138071599
100.0
-100.0
72.01300227733662
-41.29184277712244
23.320150142554326
-74.98959175078723
31.737439551706366
10.308177102096899
-69.52412888716147
4.237382033739491
-4.79888837791162
100.0
28.16778085971053
43.19675109993135
-42.35381965713764
24.621994452588194
29.00502562786653
61.16655861824189
-55.2977285711941
-86.09799747182598
83.6290048959784
-100.0
-40.20496468648798
-10.789231269786203
33.87227530619751
37.13402023418596
100.0
70.5406509734014
95.02515160879025
100.0
-4.095488680478923
-43.780863416752986
-15.35966022784654
80.71993467275735
17.65336784054787
72.22179377279718
21.97080414381938
100.0
-51.55933013380272
22.266100212986675
-92.45477252875781
72.12473144326376
59.45075097014822
-53.22611833492833
-71.98498043542584
-34.59822395598593
62.909092745055055
-29.132703938038492
3.4408203553605174
-9.477048222679251
58.07479898598342
40.98762322597211
-100.0
83.19236246066876
-12.280384041131779
100.0
21.295217507354124
-27.012019241872988
20.227965280561598
-30.035943799670896
-13.59464086641441
-46.24985007822114
-95.61579447597316
-49.89390342408725
89.4229653801616
-16.730520775194094
38.889128900075654
63.69151920639868
32.70007314882463
7.1140040625043435
5.205630471379426
-11.796509391424593
52.341328007305016
96.89706164666413
72.99249756080728
-14.727944021162376
33.04932705477357
33.46624352883403
86.60188785157288
-0.6792175946911492
44.211846281605546
-62.602497324360556
-92.02195099306543
-8.19397763844998
-39.55832847669414
-69.70963828875063
17.762127642324568
14.7577822069849
-51.7270839911255
-28.094776083527023
86.51313382308163
-17.148320577998504
20.982935078900724
71.21885042545883
86.65437992099508
-3.081583949544547
72.13944953209092
1.753462183887395
-72.11334509118936
-100.0
7.664306261163123
-72.21301214441543
-45.00002411793234
-100.0
61.101561701103634
-5.987469231776082
-100.0
-99.07188370113799
-27.250559061373227
-64.76829622781165
27.09106213767948
-60.6818857943382
2.5257438222845767
75.5446404131932
-26.01590369137631
-95.19793103191984
-43.16983990138518
-0.3488822406447012
100.0
-43.84957588714411
3.441156438342542
-100.0
-56.37884686983313
-95.31243169834137
100.0
-53.47582347299062
58.243952118503486
-44.808542276324985
54.81270529248327
-88.23451979185815
72.25150556088002
-82.80703935870666
-22.218707200837233
-1.553792482615111
-38.49486553504539
7.015169681003735
63.265096764565996
-23.618463886981907
100.0
-34.73433210298663
100.0
-68.81610544458725
0.0910378561898657
-100.0
-4.95077814237505
80.2784592832158
92.47759373693839
92.96221842424605
66.75877619235851
-14.660305574930172
16.74103976256245
57.65912259215698
-10.13780138248634
-86.90170156141522
5.332542587918135
-14.602997931508789
45.12920019995188
100.0
-8.016719623265685
20.38438995168883
-2.9415260310660436
-52.1360361700703
98.76502024085417
20.236371339554506
-2.1528705056879645
57.72575025200375
-40.9278310962117
-63.049539793128815
22.128575535107114
-60.64395615326824
99.78212058389126
78.18291865585752
-100.0
5.60872472197633
-23.630037939446034
48.52889108450706
35.38392822813121
-33.808281917747095
-100.0
-100.0
-100.0
100.0
-0.7709937210858957
4.396462355187171
-28.30783103147074
100.0
48.40028774132106
100.0
100.0
-20.464878978389578
-36.55337986127234
15.471230015082034
41.222282773577746
14.023831349458346
-1.1430577685191676
84.55659243620534
100.0
32.494348802155955
-16.866619669861258
35.187619897863435
-29.06087028353701
80.94520421186253
-19.451057969291735
-53.99006251510994
66.83061740256242
38.96681184747173
-100.0
-85.03134920692521
13.860417967351491
-12.999203241299595
24.3834876892154
6.18231741730673
100.0
29.76119578693396
30.47784855287704
90.66936309781005
100.0
65.31024245216754
14.071834039865383
52.12246061814122
-15.732955561886879
2.4143964987609206
-11.123396091428283
48.51781191791759
-34.788160475086876
-35.83509095050039
47.61474835673825
-14.47928285173248
10.615222097217156
87.56113676328032
-62.634883158001365
26.36116115179475
87.5228116774441
30.094664346220014
-65.31918638554185
100.0
-68.37233089739607
38.7512514866507
-60.770668585774985
-5.334851247973166
39.99096731772455
-1.0976702199766457
2.4753899715202046
65.15908944768583
65.062348460838
6.733190870234855
15.071552995010572
-98.74004780167724
-46.34718249233971
-93.28899537120098
19.21771685537152
-67.99989897395417
2.950652661769059
23.166273801065135
34.510611016354275
100.0
35.77265930136045
74.62672869763033
73.6161677584351
96.67071003898451
-8.400814403234111
43.92956510771562
38.572422585023375
-95.84916199633838
-70.76383923048414
-31.185514796281765
-16.828045937778057
100.0
23.021274259936543
13.826114194164461
100.0
74.65776103733306
-100.0
-78.16985618334871
46.84369522565278
35.63379256612896
-55.63323418369876
100.0
-32.15319068564606
61.866782934855834
-94.8723487761693
53.249047440532195
-16.86315037843746
-16.893456125288637
84.36441587412764
-21.87773648464784
100.0
-55.492882660510716
92.19137247149816
100.0
-21.314512732098393
-80.75945008604538
17.32173391403
-9.64940072153276
44.659102524318435
-91.92800973093587
-16.71489000629195
-61.42640557236766
85.79139044797947
100.0
-5.919537715986571
74.82482236716979
-100.0
21.554489606694546
40.561540592232106
-98.08137312124
71.93106605929403
47.04602488244498
26.310996307092246
43.52556015073034
-3.073880160473662
-100.0
36.825521931411366
47.29557615004295
45.87337809538077
-24.424104876557525
-97.0310492345557
-75.10123246658239
-100.0
-55.06668530625843
100.0
31.016755557210782
22.816172666355477
-100.0
-3.690916205878671
16.726331187228332
-18.165672259118388
33.060015755423834
16.29555953838194
-67.45890560054826
-86.21530176460993
-95.11310375246187
22.094651826890342
-42.43047766042423
67.94390022083817
-88.21505139404336
61.91635370631712
8.529140510603213
-14.564756707666596
96.55352118300932
-61.27162222954696
-68.47336234626884
-97.44045191130172
25.93880570741583
-100.0
28.898295500702833
43.77867414024845
97.77836968907543
-65.79569294009951
-100.0
40.248337023377545
98.90493121555242
-17.499474551990055
67.9204208100462
6.618623961881328
23.278730597553576
21.628259080259276
-98.44306965633444
100.0
-38.636506580280184
-91.6060324171903
100.0
-64.21171479227687
86.8634693250589
-100.0
75.34550020005872
7.892942620162792
54.187627082208266
-100.0
24.73269080855307
21.265007085865328
100.0
-0.08436408421086927
59.16627022923286
75.89568133847075
100.0
-84.07684094290656
100.0
-50.25028225690818
35.791309030153094
33.22670524529429
2.763510255813685
19.871389950957568
95.31675115725365
-51.54185586203739
28.777659276656625
-98.08016571629696
83.5043088566319
7.067494184355818
40.74560077640203
-100.0
-100.0
27.524103481827154
75.36122157302634
-100.0
99.4156115546333
26.735237861582494
-76.20659228740595
6.542786357211789
-84.5572008537294
100.0
67.18400220932205
-100.0
56.58570588749231
-85.02739113335181
6.214632447889146
-33.611590729422915
-26.236981856180996
77.85170708440593
59.05135607940936
-92.73127111268985
77.91937839402102
2.132821998522058
-7.676978223526479
100.0
93.72162437072245
21.101955603118512
-13.91548453451659
-3.3418047935092234
-29.0254561846155
0.12488652254291566
-10.028215733693969
-89.89067520023251
-21.809064772826083
-22.82937447462359
-19.306601385391527
-100.0
-36.331649393967446
-99.17882849400372
-100.0
54.668551126329056
-3.2771040316331437
-100.0
100.0
-20.81098407796132
-70.88660375368052
8.515625943791143
-26.93334307165944
-100.0
11.304549091562823
15.854012260537749
-7.515091013050874
-100.0
16.605280869035234
59.65251761998923
-48.29362451867845
16.82623222496145
-18.05972671337158
-7.782897929295572
-32.46273994190973
26.803703774547458
42.467379047330425
51.77463774433754
-27.78407222233521
-100.0
-91.6031697558811
100.0
-83.49930236531837
18.341983965676988
-18.03756312076107
-18.18653564502126
81.28016962902912
0.9147282337836966
-93.99435998194448
-100.0
4.467300516486492
88.4965666280276
-11.710652791115557
-100.0
-9.03060480866018
-100.0
-58.59803546258934
-59.3521127373165
-100.0
0.4512721206472605
-38.38453619195124
-24.09858790986025
-100.0
17.27210534740136
-76.14969712597053
56.034602916484985
-64.10121843064005
-52.02996090826938
87.3007784879564
100.0
-4.438473999342973
-100.0
72.74062206510911
-11.03717485450547
-44.212326572269305
3.7851760211280805
12.31990478748613
6.025376864627745
-100.0
-6.015927088682298
100.0
-80.98232026139232
-100.0
-10.167895350789152
100.0
-37.7878447990627
-2.3024101467232185
9.16736900954559
71.88954583501484
-3.5709561675688057
-57.92696440790633
-89.42299941564482
-2.759408668189881
100.0
-100.0
-20.32116983594207
49.95827761559236
100.0
40.31510168243595
-22.48180367509334
15.674538056556717
-32.07417987477578
-19.942266208180623
20.372629699274277
15.794734507721135
-18.573951180523565
-32.36120451188076
-51.05215900981961
-79.80430269784837
-81.6867857239849
-6.114150118744988
100.0
-11.384646644273174
35.554602073429734
7.95797861558458
53.17315848176498
14.069993967459322
-100.0
-77.991984938418
47.815120795860565
15.034224955035196
61.687356142378995
100.0
-9.143073636346926
51.73616050845486
2.8215393505749877
98.6068136623772
-100.0
-2.8896720361148525
100.0
91.69163859668834
-91.90040817664308
4.513539832053743
-40.34795130744748
86.93701205930051
-36.885933364481
-22.27965884655993
-9.861599311121394
-45.679725871795625
47.70115022057241
-60.01051613217481
-78.14382438561911
-30.14750559740684
-64.19431166352392
-59.58796645855119
53.15527351003973
-100.0
-98.28082500513617
-65.00465625536205
26.073184040370364
14.459653765221628
24.515909740658035
44.98410320902618
100.0
59.61912598435209
-57.309730558024455
19.358872880747107
-62.89516985861879
28.486227926800986
21.561519965176444
-79.26759400345897
100.0
-100.0
100.0
100.0
76.97257936855986
100.0
-100.0
-100.0
5.4163595258622745
100.0
50.002126334895735
-11.413415212736936
-16.98579460405991
17.370358861790983
100.0
-57.94846779432672
-87.18137513782769
-33.71091891799733
34.892458777561714
-100.0
98.49060637599842
92.182970223669
-98.21555617973729
-40.39761840109583
-100.0
61.63563635726974
-10.708636577217835
36.594957897653885
-100.0
18.5268212609282
-6.085956504548975
85.77182014583254
-44.673119498622945
34.19320856195102
-35.92883690530492
44.67449602043724
73.56681458543409
-34.38118806988642
-100.0
-66.36865116107136
69.61362119909168
-4.253278866818368
-65.41104402149789
100.0
-88.23577231195489
-83.15299348965735
-12.368757352930448
21.64537556472235
27.576332188278492
100.0
95.09775572978427
-55.49480640778337
-14.553337347552397
-27.332013562764356
100.0
39.90266172482482
43.77736637862381
20.421440045144806
56.152456234196904
68.28178706532711
-96.49727756267131
100.0
-26.88505528448686
100.0
100.0
91.28158747558572
95.84375251230091
100.0
-94.17069233089113
-54.3240684457339
45.03136103824766
59.23618951331524
100.0
96.5495556641867
-6.19847026469624
31.957011447155804
-32.683632659319656
-24.263078456701685
100.0
57.53141313957909
19.23531511076501
47.26106295458899
-100.0
3.9590904900526382
20.168810221564573
45.35912337827657
-83.76759036957782
44.36334962839978
-36.50870093799495
-16.98009204894203
38.47777419550004
-15.527017086094645
32.647228650460136
-60.34519250060764
85.3684922713249
-77.15163329027507
-94.39728321546642
100.0
18.981802115287444
48.629819707634205
29.959584612262088
-86.26704864995608
-13.89943463902262
-56.09403322023893
20.789083796227327
3.4750564730714406
-69.43139526925191
-100.0
-11.17874049443234
-16.299168759997745
23.658205468204525
-100.0
-48.061370563452954
58.920168127694495
-19.15166792659947
40.749227226882255
69.51835997732107
-22.107265191650036
-8.87463298012411
77.7427369682363
-17.055768457441225
94.49860727114606
-53.679632226702594
88.58061278801665
-52.10236595377847
-22.506949187222983
-42.07069258298611
9.957353607790743
-100.0
-68.073862249233
22.041180227337044
100.0
-38.174404653843325
42.1505608396649
65.52549267745344
1.6071013037498156
-92.64135581970973
-4.606208763495147
-78.0598326502106
-96.7755154234151
-26.61585770790979
-14.50213112967448
-95.103138657289
53.57852818113581
-82.55596840523383
67.01190328382916
-100.0
100.0
-39.20024328011225
0.39271334864566754
-96.20554196615316
-100.0
-14.817535081323392
-30.42420671354297
-100.0
2.5691782507242804
54.61752469493461
-85.44002283051859
100.0
64.12960680615724
-100.0
100.0
-32.570454285690595
23.356943032111257
18.745828096595993
5.031958974213142
-37.8298288574405
11.281023481411829
44.498993627766495
-24.41466305262942
56.64599872151088
73.5398920506845
60.596143568309415
-13.462652238762558
19.14773037804965
-45.1961679362835
-39.04387336584681
-100.0
-35.00335629070395
-100.0
-57.672208474433006
-100.0
100.0
-59.30626788741445
100.0
-40.89195287991388
-43.571923999715565
68.62473876448863
18.922775593439315
-9.622864132714422
-84.67878885032475
94.37607801670295
36.218821495075396
61.27342097036002
-2.7520361530703035
100.0
-100.0
30.054127078049333
45.28890626128076
-9.79274995381514
43.179367553017805
-25.301765043088643
7.4050284051195945
29.828142394655707
87.8111647727276
65.12014616232712
-20.39567885575498
1.59912979176677
22.627555260921728
-14.217013282015778
-70.28857632729708
-5.804040614082581
66.31878989611224
-10.636451324411395
-7.929833238473016
84.56378184067401
8.650189955525056
5.465116036501527
97.76987401212759
100.0
-51.87115618497926
-40.98035375881019
27.367088718553973
30.77461014637563
-8.331837469099156
61.346503809474484
18.804501284543104
-64.09747407986454
100.0
-74.61667410760765
-100.0
100.0
-9.53969308524579
-27.983483387432923
-18.619468649751667
-86.97927745750694
100.0
81.91092832734213
-99.34094003893404
-100.0
20.797991755470154
4.75006299033339
-47.77391644844071
-34.59483882350677
91.28327609912812
32.73411408073048
34.22368334218685
-23.050133916325834
100.0
28.704545848467674
-22.82606435964702
95.3998430468453
-36.72132493127682
81.68126466242035
72.13583099979664
-100.0
0.1472764142328684
-100.0
-29.68119411562391
6.267137780725264
-25.726454631758283
100.0
-24.489471995189547
0.006617268229485163
100.0
-36.852548680618305
-6.942949912481028
-100.0
55.28781717467445
91.7325088514861
33.151584921715
98.43704641964348
-81.63530097580787
25.750292079274654
-19.88831326159317
31.40059220922477
-100.0
69.4152582591656
38.27747087512315
-8.159631408555864
-46.39344357187145
-100.0
-87.09582569644652
22.100475690664357
-18.139980953589834
-46.155605643803035
-100.0
31.922164667223903
-88.24533085112216
100.0
52.17444264091428
100.0
100.0
33.873435103143684
10.241345597683146
6.207238987132101
-20.129123918158008
26.546107259051965
-19.32992985799382
100.0
18.88698819110017
-81.162621464142
72.75973394315997
-79.15814786543204
100.0
-84.15309714897299
100.0
-100.0
13.13300111624423
-29.321273997655503
-19.011254233418317
-100.0
32.355852816361704
17.32112739694256
80.65797373458119
-21.21737015423607
56.42462018978549
35.234406201679015
47.09228846194348
-100.0
-25.552767040572043
-11.004159529056707
100.0
-100.0
28.633540027696107
-64.10517009354987
-85.42434995750241
40.98862762632088
-64.93997993342026
-1.165808879523059
-12.634595805459465
-74.51510721687937
-31.98178737405614
31.787460860072308
-100.0
16.579070530806074
-5.278534241508854
43.701385684686144
6.721995549285168
-54.77270614724266
60.02212042322677
-28.37367285745216
-18.54591904104642
-9.309775661604656
-1.6012881449264293
-100.0
100.0
100.0
91.80686388506162
-100.0
72.77794434944305
-55.297734066724246
-51.648784749852354
46.59933238443281
-85.02562979698251
-94.11965446902646
44.36844859137252
-15.031751849551412
-6.249127382102095
-66.3757642092871
28.72121559401988
-20.834173023748306
100.0
18.63984491595218
-2.645306638969852
6.7878465560733625
-57.483977630168916
-42.20152229477997
11.176369544431743
-12.353509105261738
-100.0
43.08714769093287
-24.82353028042383
-70.48234958615316
71.54963184352188
100.0
-100.0
16.610540796845456
73.52643852333186
-0.9324045002706924
-7.405750408844263
