0.6651315171338366
1.0062734317051396
1.863189660100339
3.118165528432298
0.6973544925709991
2.018660542000707
3.9479699110534505
8.106914252312393
2.7719630238091932
4.326346229296726
-1.4693302641871522
5.127570647440649
0.2269757880540102
1.7173246790076657
-1.4781493681193605
0.23940393312489228
3.8696919217850816
-0.10935375740931441
3.4001995740215962
2.738362549860205
0.11631962081534342
0.777416787200857
0.07775455295025724
-0.18375459769947788
1.015326035897556
0.4403283019687536
5.690357260347702
0.49898152039394406
1.11087431419533
4.586187479646935
0.14597382674163528
-0.3470918242330987
6.050968550652291
0.8173204816578419
1.1583697401270963
2.5645484684743955
2.9543442106701794
2.0763323631421673
2.136751519803362
0.8334816311577442
3.3675722685154383
0.5599773054308887
2.6604829883383023
3.276353523721112
1.509134796745544
0.5952238951807789
1.9729039754771267
-0.5020711335167138
1.386107651160676
0.7644620412618717
0.5192271749732873
2.862180336147902
1.3199203264678028
3.4924980606651292
2.7989329163929915
3.93705858633483
0.1415375846832303
1.8693009480519467
2.6231740164204913
0.07093305761551116
-0.41890132721407136
-0.20964726904082442
-0.5714756058727342
-0.965755635796484
2.116823230822388
1.2302930432444028
2.0265719046739123
0.3254151261030007
4.492135080101185
2.6674587982002977
2.409863325218332
0.493356426596385
0.7330831167291381
3.0694117939111747
-0.6732802480961515
-0.9604835670469956
1.5986458899219764
1.118961947233468
1.6410431155025162
0.554226780584375
8.110979838143006
4.003033539704841
-0.6584780540451058
0.6049403729755598
1.9162657736073587
1.0070386710585588
13.836882307677437
6.482301939679841
2.8584724418928213
14.120528191724935
0.14097570470975884
2.4298586654628958
0.9992993502267757
1.6754484818335782
0.11265722357351571
2.9620216551763328
10.04314165956934
0.7450138660144328
2.6738152780718663
0.014852063699734463
1.4313827915503736
16.66410849131664
2.4503556733158405
1.4662951982374244
1.958669163998629
1.7784943834580624
-0.2099339864549037
-0.754545868170237
5.547895439221973
5.864475368342725
2.138314013167963
3.2973422333951636
3.3473031078041453
1.8555735287178454
2.285146223282661
3.892635390714442
1.5035448254464412
1.0268581971557713
4.904366991616245
1.3146701498232956
2.553655588272801
2.195897659960704
1.386560828281526
1.248185394970032
2.5085729523696916
0.705855584614508
9.560873813345914
9.9750786205931
1.9719749372949056
4.815864354065971
3.033602129881115
2.3343989642391048
0.9898477130924783
5.395696169749264
3.0286589483051483
-1.002791420814817
2.5486959944624843
0.7307864302814828
-1.683421348829719
1.2789251901085885
2.2603468199323684
0.9096729877361664
0.8617586925868761
0.18083216173987693
7.962213552650811
1.2604338544411602
-1.085545479517734
12.629181308787434
0.9929333968636145
0.3878982036156622
0.04592778187339008
10.892594587564876
1.482891376836684
0.7807403009713367
3.8946993659962
1.5808446076096887
0.16489435763140103
2.1938034078089492
2.2467080030886044
0.6239256131200954
2.232499946464287
2.238864519875798
-0.5099338211661057
0.4523077644836444
2.2487782411116446
1.8761561124766486
-0.4933664872916186
1.663871378845712
12.927474148258652
0.6508846584078547
-1.1043712009896927
1.243553037406763
2.423019503426305
1.4784718760643796
0.9254060970608045
1.7986927653854874
0.5954564632311581
-0.4808847546596391
0.23777182910045425
0.7778368143166225
2.023969494839526
5.632922281385791
1.342133999790325
1.494250434461911
1.0587464034031988
3.582697255272696
-0.9116557183489331
3.9956130355899546
3.1587658885055565
15.498464253750472
0.6784407184426104
2.18893194683443
3.653740107006951
3.286750069457936
1.415464257063055
1.7063404592620965
2.2267755831132963
-0.7935535718613245
3.0483164725561473
2.661584144656116
1.5834236137924476
1.1313814341425086
4.664486594790877
2.4714595917327107
15.677505651643656
2.5645638228805914
0.6329727109385574
1.547905865100871
1.4916412567689692
3.7632059209683817
1.6026135478485468
4.498441426558766
4.7092759286556465
0.5872248389991821
1.4320664265532144
1.5037716684385682
2.926419095661086
0.4224509063159021
0.7536615453180149
2.5185135948307478
2.875912984804912
0.8262356185352258
3.7956573126929833
3.3086082124304372
-0.6248787926047816
0.7545517260565995
1.4971515713088055
2.0412736162221146
1.9721500235461682
5.6917760322680735
3.9165061840866757
1.8343633019605972
4.271859395769125
0.9780184250629835
1.016313729273845
1.4648137331310853
3.6056857158013162
0.5725829371692819
0.46353926512576815
-1.630506740845892
-0.7626401056884438
1.52675668493294
0.9298114450467374
6.587526277845663
1.11826740737172
2.364799166065076
0.32059417745155505
1.4377089735631894
4.043584774682772
1.5258180330455366
4.109089543852246
3.4044063769238173
-1.0781098019445448
2.5489751399571396
2.990799306120656
1.1312371891890003
2.069434847776268
0.006661984993143744
2.7150680903698445
0.5820367071683259
2.947116758365272
2.180264924279268
1.685522780814945
-0.9686321527761745
1.3262409363937662
11.607297211097627
1.8356100537645532
0.02407280979917692
-0.05316430483390944
1.0662701658210283
7.085348591774072
4.724543395000562
1.3570781680439385
-0.18933390233649106
0.714994317228762
7.990314223162068
2.6138328171227445
0.5596357352812178
4.077119260153365
2.5990271576285515
1.9762479626937308
3.521061082706117
1.9133178423705064
6.467802994651855
3.6873950062017524
1.44251306385701
0.7355241460902784
2.1347430445561413
4.138302688310645
2.1506836835965943
7.334786770269432
0.06292392371690592
4.941456216728619
10.054035737061573
5.823198539955244
1.1885773480941086
1.5444347222827401
8.175066152981165
0.8653131762410653
0.5118377419555247
1.6025583050175476
1.0249385436248504
2.5793174229394973
0.8562770110313442
1.6918307191433315
2.4100129193644957
6.123017515652102
4.423796606432407
3.8797256710820296
2.4963977881399604
0.46540944741632595
0.6259629801766449
-0.09339375845151787
2.758425035061565
1.434953648965437
-0.6970836916469367
1.9737531667649633
-0.7236185707923724
0.36875084771773325
0.9832932012429536
5.194214574229013
4.205419162734936
3.0231374679372536
1.970372490962466
0.9215908118630258
0.9389344051429753
2.3429522900392863
0.4675477137697377
1.6825089783101779
0.366882380136776
5.176262113448404
1.0639923969390281
0.3260611648141294
1.8852297554546251
0.7620134778351617
1.0706012941419811
2.0601924909186353
0.9882541222267198
-0.3523859588475564
1.647449464895441
-0.028283491760302537
1.883913813436415
2.4648899647805798
-0.18585033629128644
2.574929194378109
0.703788884816001
3.4712215050362842
3.1444087712990845
2.728920666125611
-0.12371768962227803
0.3412611038926898
0.5182008403944776
1.0954631477069243
0.7801079135356568
3.545185360551634
0.9213152843946972
3.3630741312489754
7.92892357484648
7.17487994180971
3.1612202854632323
1.9239959437169332
1.7753778053304878
1.603719464100717
0.54523503065561
1.922894047534984
3.012286789737484
1.523611141195428
4.529251116562679
4.250430544234619
3.714573607373489
5.0118384534662965
0.9008895383889413
5.894366693653756
1.581197365322676
1.1311792160550516
2.183316280837072
0.9890306724462641
3.2977684673612897
2.5297277186691556
3.906523299359995
3.167760992865382
2.291325787293621
9.731885288142301
3.1306265609642745
-0.010007561437866075
1.0627994734762112
0.8745719874863509
0.12278964367784728
2.8887891587149737
3.0237642384957892
1.4785721751043404
5.050290144920164
2.739462919607626
0.0007246388215123023
14.446965111433315
1.557894150994571
-0.16484242849100372
1.6815647003476177
4.260607297300611
2.16873216519124
2.5204749717779777
10.233359018856081
0.8133908520125572
1.0775235968453039
-0.17393551780445593
0.928600263307289
2.1842814703275684
2.020925120046491
2.651001220703498
0.8875787895620006
9.561230587199677
2.3594559938108697
-0.7111576563146778
-0.6178376172109392
1.7977670364040916
2.954616939463393
1.9040138718072919
2.089434713349953
1.1427816516853948
2.0377512225789296
13.986305849227428
5.512942041105329
6.6292522045397355
0.8397174513050925
2.896350823508854
1.6418231009297686
3.2689900872703106
2.7482922815853246
3.613166593250442
2.9730316803549015
3.1155018172397657
0.8376668767925335
2.7486378260397237
0.7698064264995894
1.6717362540093101
3.9554043369527427
2.9727951888707373
7.9566054978914105
0.8264097547471305
3.10322814946387
1.34782823198507
0.7249237183674493
1.4146519578035086
0.3511344033983028
3.6313760617588384
-0.048975638619525697
1.4264424989575146
2.0521777946960835
0.9752350233230358
1.4983691544207112
1.1322997931210879
0.8372840340520369
-0.2395374239658996
1.439288874973121
0.6224408043957468
2.7645577581905263
0.013474438910433761
0.9632983423470332
1.4954867052902159
1.2803988965018558
2.2833355062097556
9.713197310755415
2.77086630888345
12.606226036039093
7.798276523019874
6.46893494792868
2.648960906172993
2.193694503835586
1.7242689525312467
2.9147264503793573
2.1520554671924135
2.1624884890543514
1.2469857520312495
11.437074914817646
3.4092955892432597
16.21470174084546
-0.5998114611588974
0.6703052762033004
0.9978337872151972
7.8177980205665465
2.745212674438532
2.1804555621046955
-0.21671643368469073
1.316186468316704
9.555127729202711
1.0034992682793558
1.09617864067154
1.0484835845272864
0.7630394736769217
1.5736881536746843
2.167034303249944
9.385122763057504
4.52814136753334
1.1019415225570783
1.3161460436758248
0.6510501095452896
1.5785408757935173
5.8101858647279085
1.8737755678022705
1.781225669904266
3.0947145941077423
1.0532745989537535
1.2950531974077835
0.7895515653281697
0.8774673109191446
3.3504062994842503
3.3533143940441406
8.415565016770191
3.6585539754211256
1.2001530779673557
2.480387613076834
1.0889738722446638
4.574194350742653
1.842839203583214
4.381631449592603
1.0931672022509502
3.2073648453354804
0.763808332572768
-0.5316130482600836
0.630014584450058
2.304170182996918
4.428138378329264
1.319785259592722
-0.19348270674888268
2.6277768647530784
1.080083598302541
1.8756637326489718
-0.021786378566939657
1.0263442616662106
1.5321670230469888
-1.3614634294281824
0.35895294698365277
1.4294995388544562
5.291773582025275
-1.0478858115569087
3.396327689646382
-0.6104836134600131
1.2951723645326165
0.9766369358896334
2.2686334727110182
0.7754883595766424
3.8345920836395893
2.1457646083551856
1.0749384036130623
12.737956734320994
0.7247957765095925
5.670706561194027
-0.46393311237954826
12.956075205013315
11.046674829862374
1.3854503878617466
2.418294126174976
1.495696657583706
5.164209733193771
0.21270473544534063
10.145757045508907
1.2640561748527788
1.437413828279526
0.46282478114557213
0.2861085226666098
2.0511427052776834
3.739151902201688
2.7221487643413234
0.09826032809928731
1.9943560789491315
-0.2649816357609449
2.2099997691421853
0.7702740717180643
4.55474578590678
1.6055891602725227
6.5622026318194795
8.124723763140567
2.1755372005262537
0.1583481386726424
0.7379610775527949
0.3991020319735976
3.9659788952259762
0.3441687234037307
5.127129605083671
14.450189155602816
1.3999485078264489
3.1572668050953654
4.328729150578724
5.221571787783646
3.022831631643218
3.63543829419113
1.1112830143548003
4.666267609265185
2.3317044992636786
13.098675263905573
9.87936599272222
12.086339274344791
6.734800707456467
0.2960912919963974
0.586746726923044
0.7706968570050354
0.9568326458307306
3.930252020762933
2.9426438258345105
6.913522499462928
10.24117518786088
7.2695882608735936
20.060171450671803
3.248055679935491
4.377817383835726
2.830759316489736
1.6080417465849404
1.6617820994768926
1.2797407754533774
1.1183651869495153
11.518453275944417
11.357728195261142
2.224468139467973
2.151248955595998
2.9502981932207266
1.1794013775360703
-0.8153804797642317
1.1861485696578085
1.707712475295964
2.0253821239937477
6.666583106079942
5.598661458676618
2.6908526945858275
5.014701118469347
3.590686482556591
2.703668248739361
7.037219456906941
12.554926900133756
2.0810019120506613
18.345913603023828
7.912761242399533
5.1087678569758195
1.666762392747901
1.5682068049259335
1.5236301512321888
7.029884347965272
2.453590917130701
-0.3589961267167827
-0.30871461784324605
2.298081651695816
2.540807964002508
8.157146252194956
10.058336567286938
7.027724534486004
5.111285054344618
1.3820787575694329
2.1260962834978634
1.5879392947846043
2.8919919697442182
3.1292023080169002
8.614950456253169
2.8918385232877704
4.225023159462
7.987246165578474
7.132917473169721
11.463657654520768
1.8650187720125422
9.559280556603268
4.618676073897497
-0.3081555852890334
1.4065175176825795
4.65206576109206
1.3359848934935274
1.442311645572179
1.3381074108968103
-0.15948712038269686
7.278763469591369
8.179976313316347
1.3310170049701937
1.4567515163883993
0.8106410317057566
1.3599985102880712
4.637957124606545
0.7322952739314783
-0.6890450841911886
-1.3626296274712637
6.027776034512382
14.862142995324898
0.2768332789811261
2.6784687338813677
7.389901506806851
4.472745485975741
5.097998400792907
4.140105950743305
5.799206807411279
15.87485113631889
10.42647865367505
0.17930107582967403
2.722457291354963
2.0478209482732783
1.7022109181576264
-1.5997271344481832
-0.3040786340859669
0.116766457642004
1.4551704949922912
-0.36280659543303373
8.849996795487595
6.62414624619586
6.582693585037131
1.8196031850718577
3.138738305268534
-0.3446751245835864
2.15455481824071
1.6719050212290167
0.35310391975821775
0.6209576059039803
0.8211145636401214
1.4061781656345902
0.7284818369336203
0.7313330838266248
3.3060739230726535
1.3935478305490907
0.4795594387529818
1.861856230333741
-0.13448211773850982
2.008778740248826
1.0299670193334964
1.7065051358958032
0.8919092180518515
2.1683929457143067
1.6019407335919817
1.0378293439386679
2.9715898075182774
0.5295470985924156
0.39401865436441397
2.3527662261850075
1.4480657600221827
8.31844340234947
-0.46870143569948985
0.2799018800183266
1.105531971673864
2.4434547079006754
-0.35464370983474924
2.514896154514939
0.6555752342431291
3.93784905184323
2.3596934931377263
7.377797389260354
8.16367579893356
4.068092805087434
0.48359783174489834
4.342970466568749
1.9061520112317023
1.2457965499340913
0.38993193136387116
2.1934486089846903
1.992240807275712
2.3430433824607144
0.3406908930399928
0.01783980450073175
-0.7784035925804556
0.7060757128458035
2.1093719657204453
0.23812420422808267
4.048802166525638
0.9854300454005269
2.5647067982553473
1.8152584542008108
3.6609247297718017
0.19015826545371306
0.29809681109308017
1.1327940999846007
0.38197086519951595
-0.3943210013489209
3.8132529877645522
2.338991294067861
2.902934404094897
4.400544651136292
2.022955847240646
-1.359714899289458
2.1392471863914615
2.626771756203185
1.5287498066969056
2.1970748413689756
2.469672908419799
0.9494681503569851
13.627451862293116
19.089231963618392
1.2191818381698465
0.15263664875215444
-0.4453995394920873
4.278224973465295
1.7974492048724993
0.8625597075667131
-0.9905154253202622
1.1703565510945344
2.452713143387727
0.6110242724367234
-0.13992826409547
0.8620882746422409
0.6814517850599806
-0.49251456777512015
-0.5560539738457073
0.3186781224902049
2.1448478062219793
2.5564160175470354
-0.9503320440848395
15.686205949606979
14.070096485836768
2.4370033952593477
2.3638728349526548
3.42530269512188
2.516865922530341
1.1262661054308647
1.274864916166912
2.5387538990912475
0.3518283836865308
1.771354538130024
0.7972479565649682
3.0203021400935954
1.3687333497652063
-0.6047237524012323
1.1060164115548334
0.29818594429569534
-0.2367953615016385
4.037192967576258
2.3529735422919416
1.7329432004606504
-0.8467048643499075
0.9873456477516429
0.5878463588240579
0.8965957499860671
11.753946103235382
7.422244474334743
0.4469224777450611
5.917408558840147
0.9151515720312633
4.595324335245843
1.4802336220873404
0.7712767466821304
1.4947886259281156
2.764847262846795
2.2882587195811857
0.6155113334669169
2.7602922490008295
5.398720886563039
5.407468140295791
1.877751053183289
2.9453248881028777
4.220634173521382
1.813864273808997
0.2830648557796591
3.014313858921555
2.6642119487631453
2.7084826899242485
7.384060526281974
16.240919157762026
1.6070090903318315
1.3960095127967298
6.606644723824363
3.3499578568464385
1.8545814451585283
1.1915008006659358
2.4352034547043906
1.5957739440083376
1.790238816802919
-0.6413314384560804
1.5440377497941382
2.9675347759831627
4.48067256396425
3.1375582747153374
1.798422024972779
-0.09638924172761842
0.31884930314233384
-0.1541501853218974
1.5240748750470654
1.3597657230591196
1.6686494171175077
28.780375879985815
1.5989824968302788
5.07517938115733
8.450147200371026
-0.48967292185366373
2.32733387279475
0.25393268438435546
-0.7306438189560833
0.09035703571625242
2.684709179026184
0.4380771879902159
3.504544374522011
2.574188795041224
1.0426276230921516
1.7770276352467087
0.9616944028900283
1.3856461427279605
2.5466802884345547
5.175681633978625
21.424314356812584
4.526574870052479
0.8434642098424128
1.311312228839146
1.940630734816095
-0.6314486142218552
2.0816845527243015
2.330272959721574
0.3518715436616442
0.4103579307783196
0.38373273112693074
4.190009174107016
0.8663945405285489
2.8239605320663017
0.7819383152971788
1.2191609426476182
2.5463432535652424
3.6141019371118537
1.5428371175455458
0.5032378959467492
1.0818845134684858
0.6571139423234442
2.0725353596348293
-0.5853888544429975
2.767531219583951
1.1114143355043686
0.5750653764447191
0.9241715329132763
1.6646390768260095
0.21915765079861083
3.9589567840798803
1.17254036185986
2.257596556162611
0.6271272487142099
2.222843898051942
2.983494824164599
3.1560372439876816
0.46974144344351343
2.367307974562352
0.7556850150366501
2.431108686149
0.5168153238288966
1.220672480102598
1.3418188477595399
2.37996759523085
0.8543343550514286
0.28585592558287276
1.6025385686279718
-1.4298185077193137
3.505484002555037
2.0725462997713677
1.2430122760822857
0.172301316015816
0.5560556424212453
-0.34680060506108745
2.774996505121184
1.7407078214548117
3.782285447274291
2.474646267997572
3.332391652241319
1.3572475246519757
3.0420201155865856
1.4522101672957402
0.575997075146369
2.6384117875258157
-0.6804695940056651
0.6470188555106271
3.8389649209089223
0.40716839068027233
2.6554180419847877
1.3397983488479628
1.063638507168416
2.5196930196237877
5.108649374180347
0.1292537358661281
4.191486917155708
2.9393433360868992
4.4061270916209345
1.1067231477070292
2.2586575221604694
2.3410514568217398
0.7153365341540119
0.2259791209269184
1.82493519248124
0.2585385490017742
1.25230164884619
3.814582930015545
3.021116488498138
3.7488034642297947
3.5081255989992455
1.902004597594033
2.178446363096459
3.1846327350744144
1.8782837835908777
2.6042756318335045
2.1378234117488693
2.5291378218551372
1.3447062735653172
3.014962321654152
0.6451027030516372
2.1570502661590574
1.5937476861819708
1.0922410100763436
-0.19420763040000022
2.263185000133761
-0.17405768497449037
2.3004968199833535
1.7322100564886904
1.825495196608999
0.7637453705145132
1.568747627036888
1.4439711947282847
1.9446845822716468
-0.13753793992455066
2.017005440589645
2.48681259657209
2.0396396306398783
0.623798767383303
1.0726464090336711
3.4871479757900556
1.5552890454006416
-0.12241537897731503
-1.7947414809029723
2.8984557582001838
1.8684425912582976
1.1753791545299141
6.476194986127911
-0.8505279693107382
1.3196776006924276
0.7076739578559925
2.7772009003377436
2.5690336949940584
0.1594906010796593
2.9829933570041014
0.6119364274453438
0.5049835042663713
3.1220846907246225
0.8777789757997885
0.5695438929035921
2.174000174133081
2.0592279974639496
1.4954763195794534
0.49699191513945196
2.2348751771424746
3.6226992547161334
-0.13815159207361183
9.482684393236601
1.5115601726568437
-4.934881868247123
-5.837129170459515
-1.362896715993781
0.6366246985067578
1.374349560592384
3.7908839784389006
5.102869403223374
3.8193866065745987
4.1485809401430345
1.7325581294733627
0.9200075527042066
1.6901019399238593
5.161109838517669
5.865604834370116
0.7562829916484604
1.322541812298443
3.4282259139170757
1.7642884962332457
1.305373138247743
4.3582092366732
5.898252588121863
1.5986342593327794
2.6961885175555107
1.20680228832631
1.077231092724213
2.042379048033312
0.6431239191839575
7.04064437854359
1.962544698927866
2.254124007838006
9.147215936522612
4.10171131070361
2.7757607029383378
0.9323194647687416
-0.0007837542959352461
1.7989851402596644
5.056997373495012
3.1656768411321865
3.772657007398547
8.313542193565198
0.5721807866014326
1.3861410991309022
1.3558404386787923
0.8405735828638039
0.7898480258111253
2.21846348144837
0.5715591868997432
1.2776386480017439
8.80862187229209
1.422944578682443
10.053643245835655
0.4979760202455643
0.9459731362861963
-0.041545494320025966
3.2404123931115496
2.2783481294778003
-0.429701147969868
5.275248104394247
3.620915379467421
2.2395658841689663
1.9934646767832618
0.02296718270758502
4.544401439905811
0.02523887834013161
1.1920661319926629
0.528964756839968
1.7455698180497272
1.2554087016850684
-0.7284730342751702
2.0757943247907455
4.731166562198767
3.4428181344897624
-0.06378361071462435
10.55105164235175
1.6598666142695788
0.499859716497733
2.1580706930687157
5.251634817350364
-0.1214716526712174
3.951520134457339
2.0225082973541313
8.067633817343486
0.8681704658514016
0.9509650444080446
5.853538348811845
1.4819428124172764
1.535720854486532
0.7335130907767073
2.7750361648000306
0.8200380192773689
3.9083793708523604
-1.0615903071064077
6.553037807053268
0.3000528248654055
4.580828461847657
0.6714901161163758
0.6016324523244225
1.7286641832883503
-0.27495159823113924
2.293180683955381
5.6968859733700885
5.155725611433486
5.345251031333102
0.589700516210665
3.306717865803213
0.6361582940586428
1.6210100948645276
0.9149827143557674
1.815047897192255
2.452238873642381
1.3368858435487563
3.1058156671989257
0.7837918486390807
1.8025116207632303
1.4867790412489756
0.47138130221307617
1.9170579913927484
2.8828418327701644
0.6178070105379398
1.3113469314410722
-0.7089901443378928
1.0236946509595868
0.5022783101722108
5.364998068937903
5.058475159681185
0.8782020787098526
7.3305236143030665
0.6704089010166241
-0.17323782992817316
0.9826478976975515
-0.3765002149952512
1.045840033533941
-1.4961936993369715
3.58813984715626
4.788059453434825
3.0497165540049282
1.28082111347527
1.1371445742043331
2.862923376004965
4.1706173670128575
1.792702816266994
5.1787204166216405
2.113241767107734
5.282613135432834
2.896368519116616
7.215025667201206
6.38162771779435
1.7859322746726212
5.20891700636936
2.135657846599373
0.5641037020992883
-0.229104432896033
-1.3223146272915878
1.6383994881750563
-0.10316574768512732
4.118269397914074
0.2861913715490707
1.5506149492327521
1.5585752499047678
3.3989931071816475
2.773255988064946
1.0328302265499478
1.812505125608276
2.964357374548739
1.0041818772004685
2.0811316198502667
4.541873126383008
7.237399766636875
7.162593744390396
4.301275677866957
1.1123674957303151
2.2952699901467244
2.5612720219817016
0.12972703036327893
0.927860383589836
0.2482021971684154
1.1732790672181248
3.598555524806121
-0.34910566033806867
0.360010160280126
0.9832723707279145
7.321329056891567
2.191977315482789
1.081837106457364
2.3943098354320376
2.8457915266513716
0.24281493903539153
1.2975414433478845
0.395497580214454
1.9460576694948266
3.1130425609145385
1.252945596616352
2.48036163461028
5.894627798976112
1.0711824078029186
3.2520178233106556
8.756266050894645
7.693466460870589
1.7442670280211885
3.3398677563937826
16.855546048140233
1.2408981876517795
2.7369122816481504
2.831849427772452
1.2219533302882897
1.4051887296227883
0.4404098376482555
1.519180474793648
0.015733294859187508
2.3185867624272625
1.3831067981709313
2.177354098388017
1.5921025497705419
3.50292393681263
3.712877424744981
-0.6311711410890513
2.9060675127681592
1.6733212845869732
12.789446770207107
5.720524368450198
1.1992084695800151
1.9141814842675056
1.547161579335343
1.4648704036388036
0.24114209742845283
5.31916231807337
6.175364664949402
4.135651578089008
5.379076334695124
6.635563032475207
5.202432265449183
24.58798983111085
4.7416014488671285
2.5712154404496665
2.387606304476307
2.5660620183000002
0.22058129006260185
1.3032738076051986
-0.20365283274210078
4.761604101539589
3.6598827793002844
4.505906017109968
5.2251843472853405
4.883740739646663
5.532549352828899
1.8938782527156641
12.267728103016811
13.744152139689549
-0.19661438024026068
0.44813710877287116
3.2481862201912346
0.9170607989823105
4.24770319001842
4.023341736022584
4.368011831212927
5.658508441729011
1.150682155412675
1.9052088343507083
0.2375572880305401
16.213058948542447
9.726257589949945
0.8676773932395421
6.147546563857631
3.4911846693382413
5.820821600543331
1.7870478339547708
3.9829177677209753
4.034179741483307
5.908873815113475
3.4228393799619057
3.829505549124352
4.439766453898628
2.954745091304143
3.443300377585599
3.670914310723013
2.2211050530661804
3.5492521969680944
1.6090063118957334
5.278658675816159
4.5627746022388305
3.8087668258814937
4.4881108215416905
-0.4308172827815486
1.9317705884881753
4.862949700821165
2.978839000360753
4.726089063153381
2.5646127508352397
4.523313684251767
4.305675956203779
1.348171925774865
0.43417468799339076
2.8436294003617952
4.593664925312135
3.2348485096794257
4.128454594670484
4.857393007569867
4.1790164604001045
2.827069128279372
5.404710367772946
4.846582217063746
4.384149800272832
2.8921006147488417
1.6149993000145026
0.46065157539354873
2.266234619340257
0.13954517311881864
0.9637606622301107
1.0515440588447464
0.1790653117765535
4.285454043690475
2.8903724314379016
-0.5604192286841199
8.870507097713961
2.7849037472930425
3.6518838978558277
1.283228376646074
0.0849411621474061
2.0102639430346
1.2572059922437695
-0.7067583568558209
0.45441274475816495
0.5247243438392271
20.821801721358117
14.372085447251091
0.7167054001476536
0.659277047592419
4.513671094345155
0.4246348926410006
4.944339737980283
2.1174810594710367
3.6754974677921686
2.6668061695168426
3.3792907954795313
2.875290018030716
2.5260794175029258
4.136994395581469
3.747860953381121
3.350697039623358
2.556365738903124
22.80320548142755
14.49968444501734
0.27724686278388555
2.477076793997944
2.054649161036193
2.276255712368492
3.52680396683146
1.4791814348285934
7.757764433188637
-0.14813811636085705
2.989506346561445
11.521485458640967
2.4238092093702504
3.1746010900600217
5.466387815613931
3.0051672123134097
1.7601689838776098
2.143303061099576
4.742886802880542
2.104684038553466
7.357390678404944
25.542994130592554
7.001461582505999
-1.0225000417052803
1.253462504312006
1.8189265147168308
0.7607079629548608
4.2462345386252105
1.4179273947073154
1.2514857974302325
4.038657214631325
1.7015752627675576
3.3850878843247174
2.503275438799652
1.5539173190126734
1.2653269970759222
13.151830127744718
2.6951360509070863
0.6043248775638193
1.574276790202286
2.439386079924149
1.3472571941773293
1.4356476276608174
1.1719623648177229
3.515966959508572
1.1005137841486958
3.8437905692919445
3.669178316976062
1.0671258774897705
1.0524363886114858
1.5129719890016144
1.7997721345941573
3.362858502253462
1.3866879261832048
1.7926235315156491
2.0834867013307576
2.22504394337244
2.065875511999791
1.8459890880248064
3.0527141939841913
2.375177913913503
1.0177853616837487
1.7266423712845895
1.61699372210141
2.3670103786742898
0.8906823884719528
1.3039570170739168
1.2306669355815418
0.9062584363418029
2.876074442606622
-3.975913815847451
-6.288982844921174
-8.509652081179237
-5.674782356757546
-5.388545571298754
-4.868720216261471
-6.238135895770807
-6.155303384247244
4.52953504083146
3.3960705853554165
1.364660363853778
-1.0001291513560462
1.6738336545683679
-7.103047797784386
-4.8698541416867895
-5.616068940764378
-7.83845007936785
-7.056985471492327
-6.18993744256912
1.46230157078235
1.0418473001643505
2.5905221411450023
0.48998927065826736
-7.368195658154947
-9.367350168267503
-8.507692852666263
-7.284658953172908
-9.836530556900035
-9.008434544649676
0.676817283512164
-6.085240924360022
-5.7200333607887135
-7.655028136541889
-7.150188678306591
-5.1575205354954665
-8.02377753362093
0.1434314565221919
0.1112162484826833
-7.634215951431173
-7.221675853430164
-7.353550216453252
-7.037082593981401
-6.808471722000649
-8.545026133349014
0.4956368720813613
-0.7892201756736583
0.7657057036807549
-8.861301136706375
-5.981779767994746
-7.823172131034061
-6.615029645555383
-6.190618545589709
-5.927770239672206
-7.473866626039227
-8.44877598345937
-6.728750549108647
-5.366511894183532
3.3768431617289094
4.013151564014275
1.2193934313271027
1.2381714768455008
1.8276314126950315
0.8366603700228332
0.6946987184005105
2.409569878328318
10.23036894295707
5.850450194688013
1.3688276399727428
0.6875541642048619
2.1071327917760314
0.68461171693373
1.8834615891309894
1.6027500021848435
0.6727966034587682
2.7006080220295425
3.4583352296967047
-1.424061051824398
5.157706422592268
0.18606426594743475
3.0958693826391697
1.2029387688590774
1.7894395640980867
0.3431101251877451
1.08641582854861
2.443047077793221
1.792017793194233
2.479329853977078
2.518840894754783
2.3927869119838894
1.2107004569868096
0.13851800873813458
0.7527324585961594
0.18569501535379684
2.6701183655370144
7.478438820426688
4.215214676480002
1.5394293369240686
3.147740252919329
3.9463616030755553
0.6316788050207491
-0.0872325256571147
2.1414792407885868
0.8205235458992253
0.9386802847497155
3.8232078275424524
3.559060144150645
6.1553779010320735
7.931146837997811
1.3832360302782454
0.8225068585661051
0.6152317476944742
8.814123492362622
0.2560407814358685
13.554522753147236
0.949634768540293
-0.5176250493083463
2.1395889642511303
4.832088976628464
5.8567583858152785
2.8077314050741378
4.317550312768115
0.12906953483601913
3.867652986970394
2.4448833256761695
1.794297495133898
1.6768719046448193
0.1734409555329155
2.285171049169045
15.246176151425795
17.905569802202194
4.391426126992477
4.316485661870601
8.48081235893184
12.834125748634401
3.6075851090233266
3.112490710748305
0.4194904059407021
-0.34634986919657473
1.7738790831554614
11.205409240056376
5.803750722683733
4.636319631777341
0.6047394523880347
9.311220734672258
0.4217233051477933
5.0446378465328205
3.1414256588533576
1.9264562486528247
0.26352333451215193
2.946603403147979
2.838467450233141
1.41167982342815
0.7312354706174196
0.08564208505652515
0.3511040621691852
2.644414576804456
1.5987333248573443
1.5498916641751725
1.197171769748413
-0.511806774633019
5.279198219323395
1.6330908068622982
-0.4604949217189618
2.3872177940632655
3.1347450787320486
7.332995998473551
3.6699501951789384
0.4108163909159439
2.860356525729925
3.0770471625375553
1.1651513189666616
-0.2929278114660079
-0.03868625609599752
0.3998921610930155
0.38924873035972607
-0.5162469203046172
-0.1709574625702901
1.8004010610320909
0.43471011159054496
1.0469967770963111
0.5894323304109295
1.1133970943728868
1.6557726172640292
0.6310070612437761
1.3992686311043632
4.994451661020597
3.028653027294121
-0.34383109172421333
4.551489242834501
1.2033161889120867
1.705975645646092
0.9007890676261299
1.061708250765197
2.793350635645118
-0.35991903217787713
1.7161082571465545
0.9944460440019145
-0.5296289722815002
2.1123163604645536
1.984822503404412
1.8077242549751849
0.044446202208380026
2.0525640909439438
1.556521719852083
2.894057706887617
2.4158622774879044
0.8820446648117632
0.49346041837275467
4.958340668202602
0.57959996312858
-0.17439091958852204
3.592726180781913
3.4759134205231677
2.4457017668980185
3.206909563013347
6.003945056919469
5.255969667081182
1.6409366809243304
4.8622530421944905
5.207976782655112
2.1636982420813213
2.198072361511908
2.190604698722523
4.312787308173949
1.8413303044585227
1.5021253902055616
2.435735403096795
-1.00089144060555
1.5128702559510936
1.8342323349204892
2.0834060149210134
0.9305902518927658
0.6183487772256011
-0.027589931483870567
0.14659295088459978
1.5467973240466641
0.9734707526322155
-1.3921752927525617
0.7851664760750634
1.547240629269541
0.5730975748447866
5.615646763936792
-1.4565438993728346
0.169811069495448
0.018864168484490573
-0.3490858235685683
5.147184043845787
2.1129257683257805
0.66522519351781
5.850607361868013
4.827759449217732
1.5179334307850987
2.7132461270136385
2.8958744055570174
1.3604706588983866
3.2382704598624303
3.090508923353341
3.377104394238706
3.223494294516885
3.764673748850204
5.21012380602611
2.0641024166451905
1.849143745607912
4.198242468227634
2.7450054119022185
0.9164024412338738
0.8984385030386182
0.2769769535620774
2.5440234535579016
-1.2471253309623678
1.6285864998603534
3.6323470523897123
2.4548570520799857
4.628878459216434
1.4437424962225276
3.3768541305542517
3.443188339065191
0.7744222482630037
0.17834551754408978
3.8905702543260725
-0.2196595134292405
2.409506847731614
2.1594427482037304
-0.35331202524154715
1.79708343424455
6.695118060462254
4.716135859316135
2.6876948872843807
5.288378254779364
2.4843704023282918
1.2721671362907399
2.2857636195978066
1.2745528971789548
0.8913133994810514
0.04554249637564478
5.1452168165180066
4.285375797627516
5.788882244520303
10.434820237067017
2.784575872243055
-0.3756140127907437
7.425479160459108
0.959430674488404
0.41367516113852587
9.160492485591512
4.69367871606582
1.785697502800573
2.583993272951677
3.0591638274890576
7.148078995386281
-0.09429659536056834
13.181835137122352
1.9089996466508663
1.3030319209200918
2.5511144007937845
0.007746908460202873
4.519567329282403
0.7101844039822789
2.571811644196444
0.0651139914525678
4.376664780536338
7.157054435479129
2.8013645627452632
4.792789070653061
3.8620527093804684
1.8103464140470416
1.5849591076405103
2.708170013149703
1.5741431999148172
1.7717413556358717
0.9447853808723985
1.0131965636854567
2.636638189127826
0.3034301865323732
2.1830429122902277
6.275036227545563
6.841355618259627
0.44724461295934037
2.314874824026946
1.6371336315359952
-0.07534434711010274
1.7652331866260027
1.7330152548906588
0.9079947569756597
6.249349256381807
1.557495344592487
1.890516808651208
2.84764623423861e-05
2.498176661647822
2.6633560426200678
0.35430661292897647
4.444422502051634
1.2121884699944483
5.099272664390943
4.34073884981653
1.029998337300707
1.1885313215499191
3.422972248969594
14.919649955925182
3.3242371435783626
2.861085450636679
2.502874729599632
5.118299202734739
1.2169412064440532
5.575384171467642
5.943342051998597
4.288256539875893
1.988514640467161
1.8097420377667175
0.12151119106272246
1.5033127218876836
2.054001978107462
0.11737451076077443
2.2026795580268494
2.8063420440072235
7.061694586661315
-1.178420439086199
2.940065262009619
0.7855410149263355
1.3487301364751343
2.1939093415254387
3.120063574153405
2.098115083736695
1.7312553162054174
1.1882513107370691
1.6495563919227605
2.0911772280215137
1.0908655919541321
1.6477840379129487
3.2710636804004842
2.7498337977678906
-1.5605771655573561
2.1861047146814823
4.052171760268221
3.11901482608544
1.7960970658452273
3.537130638842325
1.8784464134619259
1.598665811762851
0.39932667821166623
3.8651865498664026
4.242139669124109
3.4368806432896157
0.6258938256106972
2.9323694444508517
0.4235369529839399
2.9224528628887008
1.084369532096619
1.2157103667409985
-0.6813725674090731
1.3309528912214907
1.1788157329352227
1.0583397670456698
4.20458038244307
1.8709033524392389
0.4032419345188474
6.693293494459603
3.621917740274702
2.4187455546366277
0.8271056071877905
1.408989402760366
-0.3935243691560142
1.5958424591177518
1.105735966936337
1.7316183159079783
0.8113051624525887
0.13765238840171778
11.393552455011253
3.044717316288615
2.2120174401006176
0.19634829958372157
6.70040501854472
0.6468930829677977
1.6264645219951552
0.8013586970627649
4.250366443778675
1.2066130460033515
1.172324934473048
0.9063906791132914
2.1074079955997114
3.7689175083410644
1.6698145788801366
3.328409671582102
1.3250000393653978
0.520847530780415
0.7948840931429042
0.08534025643343646
3.444442244095634
2.0463417435032634
4.167942248819485
2.05474920401523
0.4430772894268007
3.3217767654186034
3.4721295538903174
0.5488195752190514
1.6574028574488335
2.458905883935569
1.032807557464064
1.127342691415846
1.7149057348379915
1.7592409082821079
1.7005230224203218
1.5128097243064698
0.27609021603734396
0.3910233514285053
1.0905141123478224
1.5714540333299514
0.2796800784885718
2.8727908674661764
4.83779939082074
5.689427096632276
1.1077662869433027
3.7665479790486867
2.2181102216050963
3.132630869261252
3.0085856678858534
1.9733506305278252
0.18211096319468711
2.8192458219105103
7.277376834093127
5.3489147234591155
0.7533161586707884
3.7040842322791327
2.6765512657539174
2.1541806676451616
1.2485594149317385
3.813273603998324
20.014364560779047
1.0297656792532321
3.3202060455727134
1.0801258564950778
2.9150795736964215
0.37559959417450206
7.698056156670758
1.4620707532590336
6.321841460436703
1.12383420520967
1.3493516559084668
2.383448065231428
4.980945622934568
5.361433000990099
5.910123964020499
-0.6045687364617327
15.77728939655143
-0.34592328109961246
6.0636222946726
2.668729271564389
1.901851018885768
0.7580601867216918
1.8721461866479046
9.533424923527857
1.834494475690367
8.654545046229371
4.009645355961876
2.210561911131441
1.6543030633225757
0.6808353455213592
5.3918319047495515
2.3934553802443626
-0.4766101661717732
1.9348830510536725
1.112771510195092
1.7639788009260113
5.073979114843887
1.934914579621869
1.6583641309480897
1.9081290317111772
0.38207262238367945
0.9339044160840912
-0.3917141524022645
1.2774953371526605
-0.45759485072034645
-0.9568533353642892
2.1987455223325627
2.2259127313225675
1.1054911735095114
1.8227215625290278
-0.3987579156690413
1.15766258715303
1.1301768018984495
1.0963862999889395
0.9380245025581955
-0.8807984289605939
1.4005474438615308
1.0093585861878691
-0.5758803188641946
0.007819369768422346
0.9392574654143255
5.886541485252725
4.563629352101209
-0.2424381087194365
1.985576424088417
2.093814806794765
1.3674952062219508
3.270195215897556
1.9877985458426697
2.246394301321146
3.0590754291969215
0.39450365186040237
4.9391163917054035
-0.280214559785126
3.4488707294374628
1.21517775597153
0.26370097547021487
2.0397077916940223
0.9743274454253947
3.551871419457311
0.5602781295904209
2.6532193125050005
3.1562127595658276
1.1249048074581374
3.513504017885359
1.6346988061564844
0.22960177422300831
6.451675862441399
24.357823653500425
4.2881251268367775
1.2016635376400795
0.7521789894056938
0.5856925192883047
0.4968231707538633
1.2278519283706069
16.814755799179448
35.73385858111741
0.34864570406127604
1.9902662653786194
0.3187956754333181
1.161297923575657
0.09468010334287813
0.9212268393698253
-0.36770747837688145
2.285477148394393
4.244055212358034
0.8014972234787783
0.9014605295428755
4.1570224561351665
7.942751324037076
5.202675031653101
6.122426422830294
1.7772802515599453
2.0913318587360514
1.4476494782436096
1.7897754334235654
1.0710657479555126
9.540283195873144
1.3083982400354306
6.709342979067617
3.521446473865222
0.60948828393028
9.589898615646483
7.88252219478041
2.612609452628883
4.180744782002205
13.377251189980432
2.517930334749054
6.240117324353797
7.976961157892309
-0.5052397557486707
-1.4947328470592451
1.0048858682203343
1.2573637799591546
0.7221950281330223
3.1857916476718424
4.534658606081274
2.662989768925012
3.695012708293032
1.7267103390369067
6.1241628732545745
5.497653668402175
2.8007106192852658
0.9607316149900251
1.9718254617077162
2.0286920153232773
2.43600257033149
1.2783507933249472
2.362987980693021
8.412967402815141
1.1407016814232576
3.208120597485044
8.85455929792003
1.0572631051108596
0.20501272634572887
1.4986363672996956
-1.4603286589641098
1.8116024143100886
1.5866765102746627
4.143866796984214
1.995439751350866
2.2315966416385455
5.369668918030867
3.802728648104003
2.5451646503011762
-0.39554430024079035
1.778109759395173
1.9446644648779956
2.6951888285206156
2.442325184499908
3.3562900713646937
4.0137598153447
6.5820659169589195
5.1400290945439835
7.55171309595165
8.63123842544312
11.954073277979724
5.871550948617003
7.074810919325131
0.9423865610096473
0.11237621814966925
0.35210709219288017
4.040917922554062
1.1815639080411768
1.8026201347783126
3.002064135270654
6.546568801586059
11.354413837430073
3.2564144805412254
0.18201976735198944
4.476394573365258
1.9634638459994307
3.074422324321282
0.6391369583910758
1.4652013033562936
-0.2287223122869062
0.4810760666097311
2.461874257742976
2.356719860698491
2.5426390496767226
2.4953730711425113
1.6546968960073138
3.3681995452420637
5.685611388766234
2.5773660682956763
7.734263843471693
5.1993626978307885
1.2674971499503944
0.7945877695559285
3.0922829281981574
2.9508461379119235
2.408040559827381
1.189547581663846
1.4823875096453218
3.258814052455433
0.3804045392660722
1.7575656208440935
0.48866317707277007
1.8732729992212618
11.08269712162953
9.41509963660084
9.00387128126565
4.713261480807068
6.126159380757404
-1.4921977042730836
0.6711188084399236
1.0327721932697285
3.364765222802557
0.5519979856622657
3.3999610161692235
-0.26160202273598854
2.519079549647863
3.4442831330571373
0.23850679176082723
1.8889841820769973
1.0848697946631238
1.2176488307939122
2.956864859147256
3.149155590293585
1.2029230584508697
0.17629716775447202
8.82249050151809
1.4104784793437612
0.7356864103136833
1.639178605871211
1.089596262781377
4.808655400297016
2.3768697481684415
1.8848279171491615
0.815817591790357
2.338486051271169
3.9973307708938526
0.8897022254197495
3.0124230677532493
0.2934684808786292
6.234548722238873
6.657846971078227
0.4413469868626747
1.1393904132715988
4.77882328655963
6.733424309048855
6.273081069840236
8.72101895677031
2.8359495530631564
13.8001073235576
9.644261981683435
3.1939122820971746
0.8660034402557009
12.828315095270742
1.7399500183158547
1.175139971501665
3.9634997290065748
6.215575978577689
9.44228102501494
2.0976603280331347
1.5959520691416773
4.357572682996727
2.7477789522972045
3.944541132787475
2.613228466489772
1.289955405771947
1.4806030052820518
1.2610901066041083
6.451716990379458
4.006210566101633
3.052395728342059
-1.038859080240579
2.705962782228994
2.506390903028305
4.512850135610288
0.081457861862136
1.0408857005113872
4.168836495026432
0.4701919289445493
-0.29794207676206996
0.9425541376713127
0.8719968920589196
1.501572748822195
2.224593770497954
1.4889692131907721
1.4543254068672493
2.885613290238135
5.955313899041839
2.3395949985432676
0.9472948038816458
1.9232478215408557
0.7830636196536518
1.8495940379688782
0.8857594216761018
-0.864719276813666
2.0712245049458256
3.011181029293294
1.2461138103870373
1.7863120719591226
1.0343015376432472
1.9441610867336199
1.1167756561120692
-0.5380355991445545
-0.6237182655809896
-0.10639960376104707
0.4790214649412421
0.7200342604712868
7.2938167774659215
0.935352419897231
2.04159892658123
4.13888819720021
6.34202876619293
3.408293866790226
0.5801732054299047
2.62218728140416
-0.42577758451986125
6.517539904951205
1.7525527089334285
1.8000000704045465
3.9960842484664147
2.5507773035521297
0.0797971386958154
0.592069540812852
1.0805932774068838
3.4957920405045417
0.802279962313309
0.7639086002726947
9.383536939385465
-0.3294694582211668
1.3861902355289228
1.0943369131927014
4.063811134720317
5.411956318392404
2.927123087854442
2.869352167262292
3.4829786518653068
0.6452675518823934
12.677036474222774
1.983904510592387
8.158749380746823
2.110046460257448
1.1829075340800908
2.3206776332253867
1.1674250269818103
1.8769021011124665
1.0090278521386555
1.5665154950828202
1.012458831450316
1.3238986706749931
2.327487021518416
-0.6752697164347958
10.529936947323572
3.63234468746061
2.0220625194433675
1.3864638155192266
1.764274724736705
8.35831312775601
1.768988269139644
8.269560686012587
2.176512090975015
-0.1845746773766459
-0.8496891248042493
0.48685668185787234
3.06693838057011
1.328404297754582
0.4853273901170345
1.6270546493036988
0.9590646527132938
-0.05059446472471607
1.3557162609093338
0.7754024149456358
2.3966583766958918
1.9011410026867144
1.0429100836813496
1.513756255391645
3.993361955555784
3.7612458180135517
3.483839195084909
1.742698051983833
1.291197094338634
0.0627720394997251
0.7565523856224106
2.318777518294919
3.0436613786096425
1.756123137059888
1.656338843121095
1.1443394571325616
2.2467586569541913
1.9933515234248822
1.0562720952762987
1.7577900083041624
1.3268031665162594
3.0626012740665676
-0.5106420581002764
2.840556769848071
3.4206513256063156
1.3367267194546104
-0.058890665669173226
3.3883831910250555
4.28875670962017
9.19361365541431
7.764279954574292
0.5539224492657513
2.7687323278256257
1.4344177801702327
1.114207263499037
2.7302563868890593
1.0079444896569498
4.331952619732484
1.9936247105434683
1.3094828523625235
1.4569127415985135
4.335292885803765
0.29814446879577927
2.3180647555192957
2.4918950475045656
1.921433600380511
2.672496574540578
-0.04995154577618566
1.3453215558290246
1.9150947705385857
1.8830714262000032
2.9339561263773195
0.6201071276426964
0.3473381406450853
2.531682721022875
1.5349705245957472
2.522019032371065
10.912858556113498
6.908045043088025
5.503062075935294
6.244534687656776
9.565851417475908
11.8616979889464
1.0532049889746424
8.196089945383077
11.657005966528866
6.7055423393808855
10.710090832743727
0.07205694115995809
-0.05633087236438583
4.456778599254076
1.896208390887713
8.67060984335817
11.96761045524076
3.8631724430133527
8.967376759005312
11.103788379715416
9.725592076224775
-0.7736349353884788
-0.003560998996029241
0.3511312273729674
-1.0519811777780905
7.800131605850867
6.370512562744192
13.115577621343798
6.905569699703557
1.7199551014018517
1.1936967493002826
1.9030713484879735
2.729805209475469
1.8900260943156941
-0.587846921181332
0.9292789126411432
5.797481137773339
1.7938481388660248
0.573738667398626
0.09941832779829762
1.3176966066266922
1.782472782565753
1.1886042858977923
2.0416446060356277
2.4034883413804065
1.4660408340310833
-0.2809081387158294
1.902191397213188
2.6016143231202062
2.4846826809586
2.3265108907595167
1.8247784803159093
6.032290912257237
2.2808197903839096
2.6059607938448384
3.0230179784896056
1.1262877456686895
0.41660920740568463
4.432423442261939
0.9222442470941947
2.3592008672651845
1.0300693096556202
0.7547259426933834
2.000955508517062
2.328095848743775
2.8796842196194468
1.562666309184684
1.2437943008934675
0.9926463066856834
1.6898922349400263
1.2333387637943078
0.49940887654730926
0.3536956974869607
1.07060621874585
1.7926500346412313
1.4395054626466774
2.942960939721054
-0.9180205206719343
1.6119395244794283
3.1099392933491545
4.10659455278701
0.6906327990294905
2.5018611409973577
2.297587190031048
2.5150926424070805
4.975123102216621
1.9565622832639018
1.4812949890953442
1.0562476789703816
3.208243874645901
3.770040657520287
1.073666901825746
-0.03903255233563563
3.0553962150962413
4.287294619325442
5.451511706028457
-0.31464051174545515
0.831160146187135
2.7770745049478864
1.9337723614061657
1.432646726278437
1.1380003933289058
0.5568210226173631
1.4628582217048938
1.9414756536551698
1.881946939703092
2.2764218843980992
3.1485860249323716
0.3762959764092597
3.253148012913689
4.09936910296324
3.105480017350976
-2.0870907521640865
-1.2645465161413199
3.326494559119615
0.7719255099324791
0.4225006437667902
1.2254811954110536
9.457450347726411
0.8475877461131442
0.5156244996127626
1.741354670938537
0.7924767646029713
3.699867308838546
3.1897724719690608
1.7101298941852612
2.1365708368192333
1.1042516723578457
15.46781589787452
1.0691885269277435
-0.38479916298078876
0.16877142355429386
2.8525121796694233
2.9319305653086856
1.969702558907981
2.912017240744328
2.0078740029657602
3.4778029725448185
5.916848746515069
1.7722778921762783
3.8420021255662338
0.15707667464295083
-0.3441385752102717
1.635423206394127
-0.9402693077410247
1.3930284464197322
0.9372383737900665
2.59252049041693
1.5462433026480225
-0.7733519778944111
2.5891674520348085
-0.3413382646605474
0.21671187097450884
2.7061433515719515
3.7011830150696614
2.4270297712522715
2.0478947253270903
3.9428055440012177
-0.07380781864096875
0.2821934550612082
1.6924867451384986
0.6680315332141082
3.6847106024214646
1.381763484101834
0.907718336216264
2.984751184132117
4.889554857447645
2.5860795961424072
0.8032477221057241
1.4539751804044343
1.684598661515454
0.7419509041354289
1.4410543724484393
2.9996643401824077
0.76119227213134
4.0351663968558515
2.0270976973381476
1.315224180163524
1.1100639394769822
2.857101348771443
3.904372385508956
0.594399574930734
2.4205598930906422
0.5059931108672426
1.9406431986280337
2.273498514529001
2.1493292008082987
1.0415002083239602
2.1296291245417986
-0.9017311187338595
4.173216568364853
2.496691095392603
0.6825639789380313
6.487346953763739
10.04044150783364
7.608888535132217
6.22774507679314
4.695444595628768
3.1185744586229367
4.45084333778055
2.809492732709432
2.04585046210582
1.433405272114477
0.43384783930019255
2.3418506038163835
1.6258605186790036
1.550564848177424
0.7168609460484701
3.6408496907331744
3.7267317218393146
2.9260668949415134
1.9476573323079525
2.9350852836234944
1.5456678162564907
0.537576011793869
0.3849648758041597
1.8781063367576571
3.4675090604153955
0.5459084412275717
4.38191348122776
1.331006600730333
3.3544343968366928
2.008730314794707
1.3898603301083652
5.2579383203684245
1.0361438347517882
3.93486731261746
-0.6743826939931992
2.678861276424011
4.496790445507097
2.238527975107054
1.0073610318196062
1.344822816984144
2.247004367903747
0.5840250652481929
1.5509330442624816
0.25999296389680304
-1.1497373325159106
2.61905272191032
1.1472926732838196
1.4584063993975427
-0.12603795569634046
3.1588889984099295
1.1185210647687611
3.6136166145928854
4.786702423550694
3.5581695288503923
2.968556334133596
0.2478909177069044
0.0604421388719536
1.6143179388755708
0.5737466679968144
2.9742889819393565
1.9117109631881979
0.8341007817182711
3.1490240531437887
5.338234090593706
2.356159926233767
-0.22357453763494428
0.21814801174965748
1.9974173436112108
1.2710372155110554
1.424981206534516
1.03163201874747
4.109427783028012
-0.25062550207745793
-0.1424329537413851
4.931023189681261
1.06688735597118
-0.543178218414226
6.104578040141778
9.03416844845011
1.2345781146346881
2.919816218468965
2.9753114981913784
1.3163697056788635
1.591633603699136
0.9967573899890685
1.0848699053674395
2.0281528313281934
-1.3515861214718166
3.1518988047158207
6.495677585344865
0.5659308091677029
5.069565026448565
0.17118024199108772
1.1737870389702345
3.2641030821874155
-0.11241536213923742
3.1594070606709623
1.332093759353028
0.655822179308333
0.4382406627876063
2.685571915927598
-3.9822811095845587
-0.8479925877956751
-4.461030419524334
0.23850462709504416
1.7458418423820312
1.7301754794433333
2.956333432896343
5.053717913888041
0.8975201281131753
1.0890964188704444
0.5087369475763444
0.9273533208540439
-0.11266712915686328
-2.152079491186896
-1.9452296331639143
-2.149594932290242
-0.13519085305169765
-0.8166370519063695
2.2703828899079745
0.9599963164668346
2.538651051027906
0.23243264990502222
1.0840356521811296
-0.9941364127185355
-0.2958620140019197
3.3722894654490028
1.716557094164242
2.7524421211881567
0.8659180413390464
3.7223291967955245
0.06698937413342243
1.176056484074744
2.496293067318514
1.1414686827051068
1.692692531224762
0.7889814023286303
-0.1400281544321218
-0.8502083018596063
0.9912176099652965
7.467108578685038
1.4852792752757837
-0.19771681803991537
1.531497802157062
0.5541880092276077
-0.32424335891857536
0.48686659139845845
0.9032332818759421
0.11191341957231393
2.30194292939761
11.74569090739972
-0.4822443612441152
1.2881250962072077
0.6828217607591474
2.0181719511379153
-0.5930552885085947
1.9270478054119053
0.7020632253318475
0.9018888468577497
-0.29893397287555046
1.4868636453918729
1.4737536392998392
2.7478557360212013
1.1658870742879686
1.1139721201940906
4.040267810123369
4.3824837495729145
1.7060834032225292
2.478726243786437
2.8262025025913067
1.5722008077985326
2.15493180385667
1.2038503605147253
1.8691762099862428
0.4071750063165682
0.2237835881438861
0.8204279437661552
-0.5835244468324676
0.3160716060667219
3.6879293991827926
7.932360419511941
2.9411060351769898
1.943259927442875
0.7965270903701369
-0.09484627377093657
1.4617364051470312
1.4897607810743678
2.4459441187773194
1.7944200045699306
1.518424981789286
-0.017584320961929523
0.2515006365947954
0.03727726441482182
-0.7075439440089262
0.5905260060063584
2.3522669110616317
0.3273885407821089
0.30866684009379664
7.089413108752228
1.3370979420770932
0.7113619789456567
0.7387156047459313
-0.3274837469616796
0.09618967824468605
0.39815731244410446
0.9493101861841171
0.4398929259596709
1.4351044435724079
0.6443432872353851
0.19552691101348274
0.3841560394854402
2.6126153301235187
2.0323726763275065
0.17826136749660804
-0.19080469551354917
-0.7082225776467193
0.31554756998985334
4.625402625229671
0.6193562564059969
2.243766265953413
0.8658010924106221
0.9488901029434276
0.5305793353792778
0.14440329420154918
1.9825948511483718
-0.25090556042517576
-4.949807419427227
-4.354638212267216
-3.001810241516066
-3.7346093876077373
-4.165887886217833
1.1012133989141146
1.0918715983268426
3.5954961774316514
1.078423034666806
1.1801271805047153
-4.4479381671829055
-5.521988635208039
-3.925145951940858
-3.4631373212337304
-0.8321532295682244
1.2845831193709047
-7.451764886414397
-4.933864103186845
-9.166942149808783
3.016434570988239
-0.4777738034772814
0.5086319596143967
1.7729062453084132
1.252679482109241
-2.696966462547713
-1.960575358139182
-2.0948867897252574
-1.1283162376831497
-2.8854317088141173
1.1339743368973874
-0.6130493744803946
0.6008249555018172
0.1602805181074911
3.5352052045229843
2.9048003417278583
1.1117805108801897
0.7757691824109405
0.5694123257028998
-0.18621693820085206
0.591173493992708
2.7836307324018996
0.7368497069623094
0.6540552127788162
2.3345510534529534
2.280053074728831
2.704900352772596
0.06327650522434203
0.15986588856429007
1.5963370166759074
-0.1491605600886694
0.816894183978252
0.7557234853355423
0.5209315067959004
0.4774788207194445
2.815006516115139
1.0761701563503945
1.8102127373196937
1.973765330525187
0.6049841383851025
1.7971001335653258
3.387848827736007
0.9133594700142551
-0.8704728466225031
2.754107711047943
2.6277419005112392
2.6961685857020043
0.7528365855173349
-0.2963184321632242
2.5410329216170773
2.210182724169952
0.06059416056437006
1.0092537163052928
1.8781781050827866
-0.8326123819786959
1.4468010180831865
1.691301873306849
-0.48065883338091453
1.702520000155964
0.8033576619273011
1.0543318121509029
2.303795737221084
0.8254876247636702
-0.6216162002008367
-0.34736606433717765
0.2544904029007111
1.647786116346555
2.107122431285303
-1.5897235281011977
4.673062064772329
4.144561941489046
4.199207562932629
0.38980016496648107
3.10804750154459
1.5944107418017381
3.470794356735493
0.9424157937483753
0.6077417457801484
2.7959372659868507
1.050820596332405
2.2056303079137667
-0.47655521449871796
1.456553108835626
1.3166955899032797
2.7913389955690597
1.2571026957721025
-1.0838075311012696
0.6613571868232242
6.925066799299172
5.188218809439128
4.167167968284932
1.374038247055447
-0.3710323417277217
0.09291289733351671
1.7887929327188092
0.9398339786786412
5.027431385069907
7.17234973538601
-0.5964664631179009
-0.9052192516016278
2.809057567291163
2.7868653558601952
0.6574067421301601
15.320865001895934
1.2333913280644004
2.041460028940851
11.275200052372375
0.8190748178162572
0.35519403129599203
3.5764038658179262
7.949536641686031
11.62681350226554
5.706465434390378
1.6084867285561706
-0.7081904472306295
4.104220594270204
5.272325148166144
5.849065935214348
6.316092774008903
2.311939283076294
1.6233859390068677
3.201059974347351
1.9569585969597207
1.4630240794960097
0.826139977502063
1.5343069667573057
1.7299488973063362
1.799867900852568
-0.27731595253624497
4.316037547576373
0.5593260623770118
1.5654777118885177
0.7081685416921368
2.7530298526234755
1.1824541526259769
1.9464128209794822
0.09999079764150953
2.8174783057756736
3.70510529214398
8.505648940938475
3.900731493385003
1.8952525289863154
3.117513181988466
0.5716366308634651
2.241766492938085
1.9619831523032414
0.8204476299813301
1.872738771416262
1.9618950840133271
1.3792668078834456
2.395893354636936
1.54677070315601
-0.8474136010582389
2.3047769507209983
2.600172840868807
-0.43687377365190194
0.7347931858435945
0.502790106768843
1.8287004153429447
0.06451092559752913
1.4184590094231482
-0.7454475051122971
2.962912484305792
1.2238531180411922
1.705294912713093
0.8161310430835422
0.9752334032151413
1.705119123277724
1.2275386214612667
3.2830852592320396
0.10809389828405847
1.9091077086135582
0.32050923740144865
1.2968718170250868
3.262602329723152
1.43439785752236
2.027984918072696
3.1561324890464295
0.14507482100712643
1.8913042058312701
0.5679108543607378
1.7726486555770358
3.677768520143962
1.7098188700701165
1.7076558861455842
0.9068868826039074
1.9739178331525453
2.81131446001494
1.6548635884372602
0.6915965478563002
5.345682845069315
1.3655710416946725
1.699755999624247
1.52064023203249
1.993267256867659
1.171876630784691
2.617043896826674
0.07798853604871336
2.187006756460403
-0.7783473443266513
4.2498990754853025
2.672496834618574
1.559293888881078
0.6925941305762284
0.8951012458264838
0.6660883309295971
1.1810515950831102
-0.030869659952659
0.2704003552774923
0.8069327647039335
3.485777250907706
2.5650074048547093
4.246007645780519
3.4406933370225197
0.8406532178839237
-0.30530063074546665
1.8817145169095006
0.05306220275159279
0.13061240034943356
-0.16615006321818448
1.4375341503463954
-0.01094966877569492
-0.5963477348043604
1.6338973136657722
1.4473352818866514
2.0404108774786676
1.468763388225705
-0.14227298002933697
1.4162032880141053
-0.028087108059877908
1.7492754541686364
1.0124212334648128
0.42470155683157507
1.1767843802597941
0.8263729152666124
1.369724950362437
0.6504223560584927
2.821419271659581
1.13386633305645
3.6894528711978394
2.408373941472495
-0.4839821633428423
3.4920308962991453
-0.35753915830718186
1.7176767902522359
2.713290586655301
2.547545542319594
-0.5429769837519334
0.5825379573696956
1.3859467771211447
0.6657577576145532
0.5481143965678408
2.1745866957311173
8.722992326427807
3.7449907954220176
2.638716551821171
1.836575050211014
3.1552595608460026
1.552091429381895
3.546063286764746
1.5511300901835725
1.564265156077483
0.8337713551317785
1.3522381955200378
0.9124239684770732
5.3603477917619635
4.409584925178915
2.877235979606822
1.7422549723269518
2.6483124005658105
-0.1557402719520422
2.544742343650504
1.009042902751988
1.5679245922553757
1.429292586487251
1.9072762796814193
3.216066544110912
2.123315173962499
2.2961718814051455
2.522197748891961
2.0785254106570785
4.924154504489552
2.7449845234525068
2.405914807439494
1.8431189630529932
-0.41565356944725207
2.0221273048530133
0.44732462599437417
0.572231732293623
1.7057509035189078
2.489300130685949
4.430169105040031
2.72200024308144
3.6004366306903544
1.1571759622693933
1.8108394042440792
1.3178588342957422
0.209153340186774
3.565245909261929
2.894849697804921
0.7167943965189025
3.725561523023413
2.6785424630428087
0.04196087358055989
2.245326143454336
2.206579231573187
0.48461667870160885
0.6388997857507537
0.47585340619765715
1.2359368565477413
0.6784982117484586
3.4590385945768647
1.341673781007386
0.91292319003659
0.7031181096707069
1.198208210656175
2.481796554411806
2.633986665384943
-0.14327419810559228
2.2368629027343045
1.5279892879104224
0.6341620213407033
1.013932104432162
1.5845864142128698
2.3907333280185643
1.2384130502823785
1.961014074039823
2.4053480681565302
1.4784653703986594
4.840506221039001
2.7013683376773225
4.995853064279725
0.7051610197189897
2.825666150508699
0.5375079564924217
9.116429915476466
2.194408532201157
2.947676055103975
3.4782117294301766
5.065973478942532
2.435496871973767
3.256269284533314
2.4732436332325363
1.3314617551552388
2.151312338831244
3.5399153934012184
2.858422470325193
3.6444596123786015
0.39099807573136536
3.2769015698818658
0.8407553430829988
0.11562641784049443
1.9965588927361526
1.9783762718267857
2.230943216047601
2.8575835604018733
7.3578014283066695
1.9270367576893317
2.4005314058870297
2.2652065951030336
1.2365751164902699
1.2880007924086807
1.1128003388499779
1.10481853556085
4.649183100818612
5.344424469404297
3.4360862950809636
1.1602563605003784
2.706744316391186
3.7578652667023285
1.9369715622724186
-0.6434948590126801
1.9994223189862326
0.5227749695426513
1.6999883685120882
-0.12461454338585498
4.254385547447103
3.057300640824274
2.876929281552929
4.529604669124367
1.1939087302303961
6.203067655428921
1.219331715071433
0.16274780080680995
1.9992319638802674
-0.3796394057307577
5.1292518740422395
4.148450713049455
2.4211458372578716
0.11445476509104835
3.186856195334932
3.911833690082104
1.1795819210385725
8.235491750941954
4.070948219245209
4.340213968612693
2.656287572290311
2.20841505470176
2.0409091008585616
4.2497584071807974
13.971997321550377
5.910011205741383
6.853724042812093
4.808269827436205
4.634890938781801
1.8383329718543941
2.074770223358005
2.1154857262109426
2.5158029542335187
11.072021800712726
0.06878333642344603
2.16229517761048
2.634112676462085
17.46871485445227
11.359182063722322
4.306813407698112
3.5116926599325717
5.3715309588072335
5.084453222019625
6.166461437855857
6.645397430212656
0.9273676170275564
-0.2915812573740151
4.2287801774429
3.491848581714775
0.16163956360847842
1.1233350656375336
1.629222852153522
1.3622186765239959
-0.21994912280383994
21.977390506802475
5.982311176005765
6.865930976228613
7.177321455771075
5.677488317494582
2.263211628297515
1.9486722708520752
3.0166489599584203
-0.4913150368749484
3.0005234440184836
3.079217776408239
1.0958549764519852
3.7759215727968884
14.140824409483361
3.9409671424710186
6.131172026149264
3.6082064532300953
3.6277432584095664
2.5251967281493766
6.58410164603615
1.0723168548358852
23.358895118074326
6.5521221279534885
5.851842643976359
4.802730099516694
5.243645588024394
1.2815438915196269
0.21427705879516523
1.9711300940070406
0.4723395817550682
1.461956678406511
4.785419354967553
1.893085776252124
13.392376722593676
3.4994380329284986
4.965212499459891
5.497113738502408
3.9020013774768625
3.3866739912553614
4.8437918398951965
5.355076118898353
0.7593772350717265
7.552290717360114
1.2307718321989825
10.415253493386476
2.663607938385652
0.6128307216092554
18.609570680237596
6.2931734310818745
4.757379000365458
7.402493035219334
5.983987658882152
0.41660122152069157
2.7427951584233656
1.4590538023558128
1.0977506945035456
0.9807456970124413
4.145707077357475
1.7950467920864024
4.606846125825546
5.864923782417378
1.7841119610730007
1.1083315519022046
3.580059900993673
16.014125434563873
2.7460590410728596
1.0339221870987796
5.546320957762951
6.153454802422452
5.7590044440409205
5.90991602682304
0.04936386847319363
0.36665037222120733
5.05721219418209
2.8966823754758204
1.8521153679264137
9.609061469202429
-0.6314410894120743
1.7522522769531916
5.272900706137845
4.111852027286719
5.908119219197404
5.110391417089172
2.1517678422694297
6.4653005324553074
9.976133969307249
6.727249303162823
6.216765989497173
5.156669346327375
5.741797140355762
1.3568531340194958
0.889286936191197
3.414496884773995
1.3600850037249983
2.3235662512290594
2.9028402726786973
4.603871445041076
2.669140600377263
0.9788209862828767
2.404096263320369
5.620550939076602
3.2362857943664896
5.23293974374016
5.650047584131858
3.482430399554794
4.9326958780708425
5.061396578715685
-0.4287839460440801
1.9543247334507639
1.9274151492122567
2.65411554580184
0.5451849780550391
0.18109274547502152
2.789367822059168
11.945635032880396
1.2506229438619008
1.1461700463310756
4.176620519107627
2.231029055492935
0.6538393114091594
1.0153722941829133
-0.010022053383624607
0.48688004984824684
1.7389401299509093
2.1023422408046155
1.017773396848975
2.299165634118434
7.636701763669732
2.856855284355557
0.06027692046036148
0.6141165793306307
3.718111358545592
1.9427566866587929
2.765432044441707
1.9488583588151571
1.2046794242418943
0.6432690842771569
1.4668678934636514
1.986682695366548
20.301553792495998
0.7815278629183031
4.407419766055089
3.7290100825541717
3.5251632266291995
2.701336005626872
2.1034532043403624
3.0023779980782983
4.03034548697191
2.097801697227842
0.7645345469922769
-0.035150076255472396
2.218027995594022
2.7868339028372127
1.7515685173194784
1.417910893431367
2.629769434318594
8.207984533882458
1.3288777188819993
1.5570134331013576
-1.6371405721628087
36.8536666723678
5.557515927464152
6.720473224175599
6.904814280618145
4.998484456812339
4.805620140966401
6.528422120334541
1.0476791696460408
0.8273174606827867
2.117474441559272
0.2411254056998544
1.346752334125304
0.6719472936168966
1.038360764447359
6.0503492328673225
18.509859324490844
4.825575572534684
3.650338398063901
3.062508645716939
6.9674213952388495
-1.2417344834460526
0.9599394913762849
26.722036437719748
7.0588246819267
5.532757437582029
6.526614964961395
6.258575439337029
-0.6611283289594505
-0.51381602591713
8.011523809532047
0.8292864526856791
1.2770776597755171
-0.2573354354128654
30.879983305094225
5.348108002087843
5.506372181773389
6.8229312677243845
6.0390369672131055
5.683076392862302
0.4063634377198355
0.4193721103924355
0.6438917521626146
1.7664364953840384
8.720121030765853
2.495771017344934
0.8284264659415093
2.016835549869917
3.7942293021424733
4.837454487140825
2.54761560921074
6.339963006599449
2.4788061605664664
28.875821731992602
5.5407877848292175
5.927697707384975
5.134576625975962
4.094992605080679
5.218372172186134
5.198131792249658
3.105490726634766
10.958979916292755
5.5230825729514175
2.2393350041072257
9.597859390020144
5.166077574054659
3.5962791864666084
0.841143337940951
3.567050177447091
8.126671089872811
0.21887227738256998
7.804285535364589
6.395500559018439
7.781943245876084
4.742764945576824
0.8153057006673972
2.8137314402824707
4.424496408523556
4.495765395276697
5.071801253145783
3.9720543896278224
0.5743129677453089
0.438860184975014
10.604454415144195
6.0673779149154505
5.292636899026788
5.46387256799503
4.2190628030593125
0.5257576185419481
2.266624362662753
1.2830446286565698
1.1826512498672113
2.4378854339940137
1.1692759136999615
6.857271609102467
4.30361085615569
5.81246557499596
6.076621088400882
5.127336849109246
4.682114536808875
5.271781797676838
5.498523546239779
1.2597215157428356
2.372061946971767
1.1121816511060632
7.910690988817127
5.0597185573393535
7.655394383281537
0.5848104372411946
6.891272605854356
0.9424624851706156
9.46314218802322
2.331751418095335
4.910456316480817
1.4852345079341354
-0.07108704901399787
1.9912009350071604
6.416961105327294
1.7555108368308727
1.0597805307143697
5.625408189809728
3.1753397741414857
11.006781050130263
1.83601132007454
11.104400109018991
2.7483645217302834
1.164344283185518
2.6818495190860183
9.936531640458947
4.268749627940183
1.2716622001197428
1.6755326664890555
4.770147760160528
4.004549963194375
1.0455420591763982
0.9738746712843938
4.150337316002296
6.0662862200128576
3.1821832979775198
13.151348516636473
0.929789090931012
0.0015202140106853612
12.942057226556637
0.7796001942227526
1.9582416833024345
5.20261018709602
2.8938294687283808
1.4928704434099858
3.2397178381785157
1.842680891401318
-0.5637153285239989
-0.27683739758146375
0.6045174600785608
2.163770158180432
4.321548250318245
2.7785151023697736
5.006226371187848
0.5580082819103453
0.11357192968895591
0.3947510259958438
7.102666797930451
0.7142764559152228
4.887494099745511
0.4661473278160808
2.1409286275353208
2.198619388460203
-0.21967701642938353
1.3975753111678213
2.10880925027418
1.3799519435860876
0.9594695353863605
3.3146984963028086
1.8644940699108803
1.7761308242685705
-0.05041983963471286
5.176769735816286
5.278774840176785
-6.254259733948799
-5.515014914200555
-6.04423617574618
-4.193569386427572
1.0603031514150187
1.9677826435689763
0.6549641465247116
1.3666075988640787
0.7181411813250258
0.1388060935975033
7.730698738745446
1.0131709058316605
2.616225302275749
-6.697616400156621
-7.168683468467593
-8.30270499676832
-6.1026939553069255
11.149566671628893
4.147934632579279
5.454224294869889
3.2856533120309663
-6.204814616234993
-11.3600952642668
-7.4145072673386965
-6.713317686426281
2.1646629154466384
0.3561971930605117
3.5204440593510236
0.5879038338404843
0.5246446351249787
3.9101768482933137
-9.127904496566542
-10.150479377911685
-9.974762160249927
-10.316127242640366
0.008978979366053519
0.3095415811391584
1.3608997495244968
0.8578261764242348
-18.397972713369363
-18.26952383802701
1.269828755003283
2.0193988823599365
2.73571177627902
1.9719468785086685
3.1878488680541466
1.2928088124484318
-6.224442766184783
-7.453871979336529
-5.63636538652239
-5.4004691595259935
-6.818700621432109
-5.703411680419356
2.354832960778034
2.4308261075036723
2.3319037348024048
0.0408342694155317
-5.795290514736253
-4.949859440133913
-6.801197805110856
-5.187322215410224
-16.54043068968725
2.0212068827256453
2.240078428956868
3.2413884737367047
-18.437899874514095
-17.6855189516893
3.611911025690413
-9.223650034567438
-8.87732878842684
-8.170808593605322
-10.789488922553556
0.8291880192895491
5.010928560143406
0.5730454061399683
0.7937287653578484
5.249990831551113
-9.811278702676244
-10.365949168623828
-7.97277487964296
-9.699199213384928
2.1810013795045355
5.239827464083003
0.39603383300611883
-9.580253959575018
-7.929785128743467
-8.895934394904188
-8.380618223297974
0.08734815007660335
0.17741343729030157
-5.858732896698863
-2.932250084146271
-5.612328474355211
-3.9022837960243573
3.0380733747942332
1.944983982943863
-0.049021208522768145
1.3890739853434573
0.39327946906404665
-8.780613447355751
-8.846831570063376
-9.531403231838746
-9.267313395586717
-8.051419033221963
-9.64186820256917
-9.628525044394575
1.2429977833318424
-1.162273738599228
2.648388727677104
0.8393160319241959
