2.0
1.0
1.0
2.0
1.0
2.0
4.0
7.0
1.0
2.0
1.0
5.0
1.0
1.0
1.0
1.0
3.0
1.0
2.0
1.0
1.0
0.12158831867919417
1.0
3.15612703930298
1.0
1.0
5.0
2.0
1.0
3.0
1.0
1.0
5.0
1.0
1.0
2.0
1.0
1.0
1.0
2.0
3.0
1.0
1.0
1.0
1.0
1.0
1.0
1.0
1.0
1.0
1.0
1.0
1.0
5.0
3.0
2.0
1.0
1.0
2.0
1.0
1.0
1.0
1.0
1.0
1.0
1.0
2.0
1.0
5.0
1.0
2.0
1.0
1.0
2.0
14.16981316074915
1.0
1.0
1.0
2.0
1.0
7.0
4.0
1.0
2.0
1.0
2.0
12.0
5.0
1.0
15.0
1.0
2.0
2.0
2.0
1.0
1.0
8.0
1.0
4.0
1.0
1.0
16.0
3.0
3.0
1.0
2.0
1.0
1.0
6.0
7.0
1.0
2.0
3.0
2.0
2.0
3.0
2.0
1.0
5.0
1.0
3.0
2.0
2.0
1.0
1.0
1.0
10.0
10.0
1.0
3.0
2.0
1.0
-13.596063912734486
5.0
2.0
1.0
3.0
1.0
1.0
1.0
1.0
1.0
1.0
1.0
7.0
1.0
1.0
13.0
1.0
1.0
1.0
10.0
2.0
1.0
3.0
1.0
1.0
2.0
3.0
1.0
1.0
1.0
1.0
1.0
1.0
1.0
2.0
1.0
14.0
1.0
-12.173279715019358
1.0
2.0
2.0
1.0
3.0
2.0
1.0
1.0
1.0
17.06156536882724
5.0
1.0
1.0
1.0
4.0
1.0
4.0
2.0
14.0
1.0
2.0
2.0
4.0
1.0
1.0
3.0
1.0
1.0
2.0
1.0
1.0
4.0
3.0
17.0
1.0
1.0
1.0
1.0
3.0
1.0
3.0
5.0
1.0
2.0
2.0
15.249914631212114
1.0
1.0
1.0
4.0
1.0
2.0
1.0
1.0
1.0
1.0
1.0
1.0
5.0
2.0
2.0
3.0
1.0
1.0
1.0
1.0
2.0
1.0
1.0
1.0
1.0
1.0
5.0
2.0
3.0
2.0
2.0
3.0
1.0
2.0
4.0
1.0
2.0
3.7836526665996075
2.0
1.0
1.0
1.0
1.0
1.0
3.0
2.0
1.0
1.0
13.0
3.0
1.0
1.0
1.0
7.0
4.0
1.0
1.0
1.0
8.0
1.0
1.0
6.0
2.0
1.0
3.0
2.0
8.0
2.0
1.0
1.0
1.0
5.0
1.0
8.0
1.0
4.0
9.0
7.0
1.0
1.0
8.0
1.0
2.0
1.0
1.0
4.0
1.0
1.0
1.0
7.0
4.0
5.0
3.0
1.0
1.0
1.0
2.0
1.0
1.0
1.0
1.0
1.0
1.0
6.0
3.0
2.0
2.0
1.0
1.0
1.0
1.0
1.0
1.0
5.0
1.0
1.0
3.0
1.0
1.0
3.0
3.0
1.0
1.0
1.0
2.0
2.0
1.0
1.0
1.0
6.543086086729332
4.0
4.0
1.0
1.0
1.0
2.0
1.0
2.0
2.0
2.0
8.0
9.0
3.0
1.0
2.0
1.0
1.0
3.0
2.0
2.0
3.0
3.0
3.0
4.0
1.0
5.0
1.0
1.0
1.0
1.0
3.0
2.0
3.0
3.0
2.0
10.0
2.0
1.0
1.0
1.0
1.0
3.0
3.0
3.0
3.0
2.0
1.0
15.0
1.0
1.0
2.0
2.0
3.0
2.0
11.0
1.0
1.0
1.0
2.0
3.0
2.0
3.0
1.0
9.0
1.0
1.0
1.0
2.0
3.0
2.0
3.0
2.0
1.0
13.0
6.0
5.0
2.0
2.0
2.0
3.0
2.0
3.0
4.0
13.463522006596293
2.0
3.0
2.0
3.0
4.0
2.0
7.0
2.0
3.0
2.0
3.0
1.0
1.0
3.0
2.0
3.0
2.0
1.0
1.0
1.0
1.0
1.0
1.0
1.0
1.0
1.0
3.0
2.0
1.0
3.0
7.0
2.0
13.0
6.0
4.0
1.0
1.0
1.0
2.0
1.0
3.0
2.0
10.0
2.0
14.0
1.0
1.0
1.0
9.0
3.0
2.0
1.0
1.0
10.0
2.0
1.0
1.0
1.0
2.0
3.0
7.0
5.0
1.0
1.0
1.0
2.0
6.0
2.0
2.0
4.0
2.0
1.0
1.0
1.0
3.0
2.0
10.0
3.0
1.0
1.0
1.0
5.0
3.0
5.0
1.0
3.0
1.0
1.0
2.0
2.0
3.0
2.0
1.0
2.0
1.0
1.0
1.0
2.0
1.0
1.0
1.0
1.0
5.0
1.0
2.0
1.0
1.0
1.0
1.0
1.0
4.0
1.0
1.0
14.0
1.0
4.0
1.0
13.0
11.0
2.0
2.0
1.0
5.0
1.0
11.0
1.0
1.0
1.0
1.0
1.0
4.0
1.0
1.0
1.0
1.0
3.0
1.0
3.0
1.0
5.0
9.0
1.0
1.0
1.0
1.0
4.0
1.0
6.0
13.0
1.0
3.0
3.0
4.0
1.0
3.0
1.0
4.0
1.0
14.0
9.0
12.0
7.0
1.0
1.0
1.0
2.0
4.0
4.0
6.0
10.0
8.0
21.0
4.0
4.0
3.0
2.0
4.0
1.0
2.0
12.0
11.0
1.0
3.0
4.0
1.0
1.0
1.0
1.0
3.0
6.0
7.0
2.0
5.0
3.0
3.0
8.0
10.0
2.0
19.0
8.0
5.0
1.0
3.0
2.0
6.0
2.0
2.0
1.0
2.0
9.19906671461597
8.0
9.0
6.0
6.0
1.0
1.0
2.0
2.0
2.0
8.0
4.0
5.0
8.0
7.0
13.0
3.0
9.0
2.0
1.0
3.0
5.0
1.0
3.0
1.0
1.0
7.0
8.0
1.0
2.0
1.0
1.0
6.0
1.0
1.0
1.0
5.0
15.0
1.0
2.0
7.0
5.0
4.0
18.232342892708104
4.0
16.0
10.0
2.0
1.0
1.0
1.0
1.0
1.0
1.0
2.0
1.0
7.0
7.0
4.0
1.0
2.0
1.0
2.0
1.0
1.0
1.0
1.0
2.0
2.0
1.0
1.0
1.0
1.0
1.0
1.0
1.0
12.61486302576617
1.0
1.0
1.0
2.0
2.0
4.0
1.0
1.0
1.0
2.0
7.0
1.0
1.0
1.0
1.0
1.0
1.0
1.0
2.0
3.0
6.0
7.0
4.0
1.0
3.0
1.0
1.0
1.0
1.0
1.0
1.0
1.0
1.0
1.0
2.0
1.0
1.0
2.0
1.0
1.0
1.0
2.0
1.0
1.0
1.0
1.0
1.0
2.0
2.0
3.0
6.0
1.0
1.0
2.0
1.0
1.0
2.0
1.0
1.0
13.0
19.0
2.0
1.0
1.0
4.0
1.0
1.0
1.0
1.0
1.0
1.0
1.0
1.0
1.0
1.0
1.0
2.0
1.0
1.0
1.0
16.0
15.0
1.0
2.0
2.0
2.0
1.0
1.0
1.0
2.0
1.0
1.0
1.0
1.0
1.0
2.0
1.0
1.0
3.0
1.0
1.0
1.0
2.0
1.0
1.0
12.0
7.0
1.0
5.0
1.0
3.0
1.0
1.0
1.0
2.0
3.0
1.0
1.0
6.0
7.0
3.0
5.0
3.0
1.0
1.0
3.0
2.0
1.0
7.0
16.0
1.0
1.0
5.0
3.0
1.0
1.0
3.0
2.0
1.0
1.0
1.0
2.0
3.0
3.0
1.0
1.0
2.0
1.0
1.0
1.0
-18.250545236044488
30.0
1.0
4.0
7.0
1.0
1.0
1.0
1.0
1.0
1.0
1.0
2.0
1.0
2.0
1.0
1.0
1.0
1.0
5.0
24.0
4.0
2.0
1.0
1.0
1.0
2.0
2.0
1.0
1.0
1.0
3.0
1.0
2.0
1.0
1.0
1.0
1.0
1.0
1.0
1.0
2.0
1.0
1.0
1.0
1.0
1.0
1.0
1.0
1.0
3.0
1.0
1.0
1.0
3.0
5.0
2.0
1.0
1.0
1.0
2.0
1.0
2.0
1.0
3.0
1.0
1.0
1.0
1.0
2.0
2.0
2.0
1.0
1.0
1.0
2.0
2.0
4.0
1.0
3.0
1.0
4.0
1.0
1.0
2.0
1.0
15.577215515919718
4.0
1.0
2.0
1.0
1.0
2.0
4.0
1.0
2.0
2.0
5.0
1.0
1.0
2.0
1.0
1.0
3.0
1.0
1.0
3.0
3.0
5.0
3.0
4.0
1.0
1.0
1.0
2.0
1.0
2.0
1.0
2.0
1.0
1.0
3.0
1.0
1.0
1.0
1.0
2.0
1.0
1.0
1.0
2.0
1.0
1.0
1.0
1.0
1.0
1.0
1.0
1.0
4.0
1.0
1.0
1.0
2.0
1.0
1.0
6.0
1.0
1.0
1.0
2.0
2.0
1.0
1.0
1.0
2.0
2.0
1.0
1.0
2.0
1.0
1.0
1.0
1.0
2.638388532202846
1.0
9.0
1.0
-5.0
-5.0
1.0
1.0
1.0
5.0
4.0
3.0
4.0
1.0
1.0
1.0
6.0
6.0
2.0
1.0
3.0
2.0
1.0
4.0
5.0
1.0
3.0
1.0
1.0
2.0
1.0
5.0
1.0
1.0
10.0
4.0
1.0
1.5160356612696937
1.0
3.0
7.0
1.0
2.0
8.0
1.0
2.0
1.0
1.0
1.0
2.0
1.0
2.0
9.0
1.0
9.0
1.0
1.0
1.0
3.0
1.0
1.0
6.335544057530363
4.0
1.0
2.0
1.0
2.0
1.0
1.0
1.0
2.0
1.0
1.0
2.0
4.0
1.0
1.0
10.0
1.0
1.0
1.0
3.0
1.0
4.0
4.0
9.0
1.0
1.0
5.0
1.0
1.0
1.0
4.0
2.0
5.0
1.0
7.0
1.0
5.0
1.0
1.0
-12.853710898792343
2.0
1.0
5.0
4.0
6.0
1.0
3.0
1.0
1.0
1.0
2.0
2.0
1.0
1.0
1.0
1.0
3.0
1.0
2.0
4.0
1.0
2.0
1.0
1.0
1.0
5.0
4.0
2.0
7.0
2.0
1.0
2.0
1.0
2.0
1.0
3.0
4.0
4.0
1.0
1.0
2.0
4.0
2.0
6.0
1.0
5.0
1.0
8.0
7.0
1.0
4.0
3.0
1.0
1.0
1.0
2.0
1.0
4.0
1.0
1.0
1.0
1.0
2.0
1.0
1.0
3.0
2.0
1.0
4.0
7.0
7.0
4.0
1.0
1.0
4.0
1.0
1.0
6.507894690809422
1.0
5.0
1.0
2.0
1.0
7.0
4.0
2.0
2.0
1.0
1.0
1.0
2.0
2.0
2.0
1.0
2.0
6.0
1.0
4.0
8.0
8.0
2.0
3.0
17.0
1.0
2.0
1.0
2.0
2.0
1.0
2.0
1.0
2.0
2.0
2.0
2.0
2.0
2.0
1.0
2.0
2.0
11.0
5.0
2.0
2.0
2.0
1.0
1.0
5.0
5.0
5.0
5.0
5.0
5.0
25.0
6.0
3.0
2.0
1.0
1.0
2.0
1.0
4.0
4.0
5.0
4.0
4.0
5.0
1.0
12.0
15.0
2.0
1.0
5.0
1.0
5.0
4.0
5.0
4.0
1.0
2.0
1.0
16.0
10.0
2.0
6.0
4.0
4.0
4.0
4.0
4.0
4.0
4.0
4.0
4.0
4.0
3.0
3.0
2.0
4.0
4.0
4.0
4.0
4.0
4.0
1.0
1.0
4.0
4.0
4.0
4.0
4.0
4.0
1.0
1.0
4.0
4.0
4.0
4.0
4.0
4.0
4.0
4.0
4.0
4.0
1.0
1.0
1.0
1.0
1.0
1.0
1.0
1.0
3.0
1.0
1.0
10.0
1.0
1.0
1.0
1.0
1.0
1.0
1.0
1.0
1.0
21.0
15.0
1.0
1.0
5.0
1.0
6.0
3.0
3.0
3.0
3.0
3.0
3.0
3.0
3.0
3.0
2.0
23.0
14.0
1.0
1.0
1.0
1.0
1.0
1.0
6.0
1.0
4.0
10.0
3.0
3.0
4.0
3.0
3.0
3.0
4.0
3.0
9.0
26.0
7.0
1.0
1.0
1.0
1.0
3.0
2.0
2.0
2.0
2.0
2.0
2.0
1.0
1.0
13.0
2.0
1.0
1.0
2.0
2.0
2.0
2.0
2.0
2.0
3.0
2.0
1.0
2.0
2.0
2.0
2.0
2.0
2.0
2.0
1.0
2.0
2.0
2.0
2.0
2.0
2.0
2.0
2.0
2.0
2.0
2.0
1.0
3.0
-6.0
-6.0
-7.0
-6.0
-6.0
-6.0
-7.0
-6.0
4.0
3.0
1.0
1.0
2.0
-6.0
-7.0
-6.0
-6.0
-7.0
-6.0
1.0
3.0
2.0
1.0
-7.0
-9.0
-7.0
-7.0
-9.0
-7.0
1.0
-7.0
-7.0
-7.0
-7.0
-7.0
-7.0
1.0
1.0
-7.0
-7.0
-7.0
-7.0
-7.0
-7.0
1.0
1.0
1.0
-7.0
-7.0
-7.0
-7.0
-7.0
-7.0
-7.0
-7.0
-7.0
-7.0
3.0
4.0
1.0
1.0
3.0
1.0
2.0
1.0
9.0
5.0
1.0
1.0
2.0
-10.09429272897233
1.0
2.0
1.0
3.0
4.0
1.0
5.0
1.0
1.0
1.0
3.0
1.0
1.0
1.0
1.0
3.0
2.0
3.0
2.0
1.0
1.0
1.0
2.0
7.0
6.0
2.0
3.0
3.0
1.0
1.0
1.0
1.0
1.0
2.0
5.0
5.0
7.0
1.0
2.0
1.0
9.0
2.0
13.0
1.0
1.0
1.0
5.0
5.0
2.0
4.0
1.0
5.0
4.0
2.0
2.0
1.0
2.0
15.0
17.0
4.0
5.0
7.0
13.0
1.0
3.0
1.0
1.0
1.0
12.0
5.0
5.0
1.0
11.0
2.0
4.0
2.0
1.0
1.0
4.0
2.0
1.0
1.0
2.0
1.0
1.0
2.0
1.0
1.0
2.0
6.0
1.0
1.0
2.0
4.0
7.0
3.0
2.0
2.0
3.0
1.0
1.0
1.0
1.0
1.0
2.0
1.0
1.0
1.0
1.0
1.0
1.0
1.0
1.0
2.0
6.0
2.0
1.0
4.0
1.0
1.0
1.0
1.0
3.0
1.0
2.0
1.0
1.0
1.0
1.0
1.0
1.0
1.0
1.0
1.0
1.0
1.0
1.0
4.0
1.0
1.0
4.0
4.0
2.0
2.0
5.0
5.0
2.0
4.0
4.0
3.0
2.0
2.0
4.0
2.0
2.0
1.0
1.0
2.0
2.0
2.0
1.0
1.0
1.0
1.0
2.0
1.0
1.0
1.0
2.0
1.0
4.0
1.0
1.0
1.0
1.0
4.0
3.0
1.0
5.0
5.0
1.0
2.0
2.0
1.0
3.0
3.0
4.0
3.0
3.0
5.0
1.0
3.0
4.0
2.0
1.0
1.0
1.0
2.0
1.0
3.0
3.0
3.0
3.0
3.0
2.0
4.0
2.0
1.0
4.0
2.0
1.0
2.0
2.0
1.0
5.0
4.0
4.0
5.0
1.0
1.0
2.0
1.0
1.0
1.0
5.0
5.0
6.0
10.0
1.0
1.0
7.0
2.0
1.0
10.0
4.0
3.0
3.0
1.0
7.0
1.0
11.0
1.0
2.0
2.0
1.0
3.0
2.0
1.0
1.0
5.0
8.0
1.0
7.0
3.0
1.0
6.0340622792089675
2.0
1.0
2.0
1.0
1.0
1.0
1.0
2.0
7.0
6.0
1.0
2.0
1.0
1.0
1.0
1.0
1.0
7.0
1.0
1.0
1.0
2.0
1.0
1.0
4.0
1.0
3.0
6.0
1.0
2.0
3.0
15.0
3.0
2.0
3.0
4.0
1.0
6.0
6.0
4.0
2.0
1.0
1.0
1.0
1.0
1.0
1.0
3.0
7.0
1.0
3.0
1.0
1.0
1.0
3.0
2.0
1.0
2.0
2.0
1.0
1.0
3.0
3.0
3.0
1.0
1.0
9.09488123735909
3.0
3.0
3.0
1.0
1.0
1.0
4.0
4.0
4.0
2.0
3.0
1.0
2.0
1.0
1.0
1.0
2.0
2.0
3.0
4.0
4.0
2.0
6.0
3.0
-17.05375067848902
2.0
1.0
1.0
1.0
2.0
2.0
3.0
1.0
13.0
3.0
1.0
1.0
6.0
1.0
1.0
1.0
4.0
1.0
2.0
2.0
2.0
4.0
3.0
3.0
1.0
1.0
1.0
2.0
2.0
2.0
3.0
3.0
1.0
2.0
2.0
2.0
1.0
1.0
1.0
1.0
2.0
1.0
2.0
2.0
1.0
1.0
2.0
2.0
1.0
2.0
6.0
6.0
2.0
3.0
2.0
2.0
2.0
2.0
2.0
2.0
6.0
6.0
2.0
3.0
2.0
2.0
2.0
2.0
21.0
3.0
4.0
1.0
2.0
2.0
8.0
1.0
7.0
2.0
1.0
2.0
3.0
4.0
4.0
1.0
16.0
1.0
6.0
3.0
1.0
1.0
2.0
10.0
1.0
10.0
3.0
3.0
2.0
1.0
4.0
3.0
1.0
2.0
1.0
1.0
4.0
1.0
3.0
1.0
2.0
2.0
1.0
1.0
1.0
1.0
3.0
1.0
1.0
2.0
1.0
1.0
1.0
1.0
1.0
1.0
1.0
1.0
1.0
1.0
1.0
4.0
3.0
1.0
1.0
1.0
1.0
1.0
1.0
2.0
2.0
1.0
4.0
1.0
4.0
1.0
1.0
1.0
1.0
2.0
1.0
3.0
2.0
1.0
1.0
2.0
2.0
6.0
24.0
4.0
1.0
3.0
2.0
1.0
1.0
16.0
35.0
3.0
1.0
1.0
1.0
1.0
1.0
1.0
3.0
5.0
1.0
1.0
2.0
7.0
5.0
5.0
2.0
3.0
1.0
1.0
1.0
8.0
1.0
5.0
3.0
2.0
9.0
6.0
1.0
4.0
13.0
1.0
7.0
7.0
1.0
1.0
1.0
1.0
1.0
4.0
6.0
3.0
2.0
1.0
8.0
6.0
1.0
1.0
1.0
2.0
3.0
1.0
2.0
8.0
1.0
2.0
9.0
2.0
1.0
1.0
1.0
1.0
1.0
4.0
1.0
1.0
4.0
5.0
1.0
1.0
2.0
3.0
2.0
1.0
2.0
5.0
6.0
4.0
6.0
8.0
11.0
7.0
6.0
1.0
1.0
1.0
4.0
1.0
3.0
4.0
5.0
12.0
5.0
2.0
3.0
1.0
4.0
2.0
1.0
1.0
1.0
3.0
4.0
3.0
2.0
2.0
3.0
5.0
1.0
7.0
5.0
2.0
2.0
3.0
1.0
1.0
1.0
1.0
2.0
1.3017606361766134
2.0
1.0
1.0
12.0
10.0
8.0
6.0
5.0
1.0
1.0
1.0
3.0
1.0
1.0
1.0
3.0
4.0
1.0
2.0
1.0
1.0
1.0
2.0
1.0
1.0
8.0
1.0
1.0
2.0
2.0
5.0
2.0
2.0
1.0
1.0
3.0
2.0
3.0
1.0
6.0
6.0
1.0
1.0
6.0
6.0
6.0
9.0
3.0
13.0
10.0
1.0
1.0
11.0
1.0
1.0
3.0
8.0
9.0
2.0
1.0
2.0
3.0
3.0
3.0
1.0
1.0
1.0
5.0
5.0
2.0
1.0
2.0
2.0
3.0
1.0
1.0
5.0
1.0
1.0
12.67215426342674
1.0
2.0
1.0
2.0
1.0
3.0
4.0
1.0
2.0
1.0
2.0
1.0
2.0
1.0
2.0
2.0
1.0
1.0
2.0
2.0
1.0
1.0
1.0
1.0
1.0
1.0
8.0
2.0
1.0
5.0
6.0
2.0
1.0
1.0
1.0
6.0
2.0
3.0
4.0
3.0
1.0
1.0
2.0
2.0
1.0
1.0
11.0
1.0
1.0
2.0
4.0
5.0
3.0
1.0
4.0
1.0
14.0
4.0
7.0
1.0
1.0
2.0
1.0
1.0
1.0
1.0
1.0
1.0
3.0
1.0
9.0
2.0
2.0
1.0
1.0
7.0
1.0
8.0
1.0
1.0
1.0
1.0
2.0
1.0
1.0
1.0
1.0
1.0
1.0
1.0
1.0
1.0
1.0
1.0
4.0
4.0
3.0
2.0
1.0
1.0
1.0
1.0
3.0
1.0
1.0
1.0
1.0
1.0
1.0
1.0
1.0
2.0
1.0
3.0
3.0
1.0
1.0
3.0
5.0
9.0
7.0
2.0
2.0
1.0
1.0
1.0
2.0
3.0
1.0
1.0
2.0
3.0
1.0
1.0
2.0
2.0
1.0
1.0
1.0
1.0
2.0
1.0
1.0
1.0
1.0
2.0
4.0
12.0
7.0
6.0
6.0
9.0
11.0
2.0
8.0
10.0
6.0
11.0
1.0
1.0
4.0
1.0
10.0
11.0
3.0
8.0
12.0
10.0
1.0
1.0
1.0
1.0
7.0
7.0
13.0
7.0
2.0
1.0
1.0
1.0
2.0
1.0
1.0
5.0
1.0
2.0
1.0
1.0
3.0
1.0
3.0
1.0
1.0
1.0
1.0
1.0
1.0
1.0
1.0
4.0
1.0
1.0
2.0
1.0
1.0
3.0
1.0
1.0
2.0
1.0
1.0
2.0
3.0
1.0
2.0
13.296296043650322
1.0
1.0
1.0
1.0
1.0
2.0
1.0
2.0
1.0
2.0
5.0
6.0
1.0
2.0
1.0
1.0
3.0
1.0
1.0
2.0
3.0
3.0
1.0
1.0
2.0
5.0
5.0
1.0
1.0
4.0
3.0
2.0
1.0
1.0
1.0
1.0
2.0
3.0
1.0
1.0
4.0
4.0
3.0
-2.0
-3.0
2.0
1.0
1.0
2.0
10.0
1.0
1.0
1.0
2.0
3.0
4.0
1.0
2.0
1.0
17.0
1.0
1.0
1.0
1.0
2.0
1.0
1.0
1.0
4.0
4.0
1.0
3.0
1.0
1.0
2.0
1.0
1.0
1.0
2.0
2.0
1.0
1.0
1.0
1.0
2.0
3.0
2.0
2.0
3.0
1.0
1.0
1.0
2.0
3.0
1.0
1.0
2.0
4.0
2.0
1.0
1.0
1.0
1.0
2.0
3.0
1.0
4.0
1.0
1.0
1.0
4.0
4.0
1.0
1.0
2.0
2.0
2.0
2.0
1.0
2.0
1.0
4.0
2.0
1.0
6.0
10.0
8.0
5.0
4.0
4.0
6.0
2.0
1.0
1.0
1.0
1.0
1.0
2.0
2.0
3.0
2.0
3.0
2.0
2.0
1.0
1.0
1.0
1.0
1.0
1.0
3.0
2.0
5.0
1.0
1.0
5.0
1.0
5.0
1.0
2.0
5.0
3.0
2.0
1.0
1.0
1.0
1.0
1.0
1.0
1.0
2.0
1.0
1.0
1.0
1.0
3.0
3.0
2.0
4.0
1.0
1.0
1.0
1.0
1.0
1.0
1.0
3.0
5.0
1.0
1.0
1.0
2.0
2.0
1.0
1.0
5.0
1.0
1.0
5.0
1.0
1.0
7.0
7.0
1.0
1.0
4.0
2.0
1.0
2.0
1.0
1.0
1.0
3.0
5.0
2.0
5.0
1.0
2.0
4.0
1.0
3.0
1.0
1.0
1.0
1.0
-2.0
-2.0
-3.0
1.0
1.0
2.0
2.0
3.0
2.0
2.0
1.0
1.0
1.0
-2.0
-2.0
-2.0
-2.0
-2.0
2.0
1.0
2.0
1.0
1.0
1.0
1.0
2.0
2.0
2.0
2.0
4.0
-17.424639744020062
1.0
1.0
1.0
2.0
1.0
1.0
1.0
1.0
7.0
1.0
1.0
1.0
2.0
1.0
1.0
1.0
1.0
1.0
12.0
1.0
1.0
1.0
1.0
1.0
2.0
1.0
1.0
1.0
1.0
1.0
2.0
1.0
19.185048179556105
4.0
3.0
1.0
1.0
3.0
1.0
1.0
1.0
1.0
1.0
1.0
1.0
1.0
1.0
3.0
7.0
2.0
1.0
1.0
1.0
1.0
1.0
1.0
1.0
-13.250844315570202
1.0
1.0
1.0
1.0
1.0
1.0
1.0
1.0
6.0
1.0
1.0
1.0
1.0
1.0
1.0
1.0
1.0
1.0
1.0
1.0
1.0
1.0
1.0
1.0
1.0
1.0
1.0
4.0
1.0
1.0
1.0
1.0
1.0
1.0
4.3275442669270205
1.0
7.594533436032059
-4.0
-4.0
-4.0
-4.0
1.0
1.0
1.0
1.0
2.0
-5.0
-5.0
-5.0
-5.0
1.0
1.0
-7.0
-7.0
-7.0
1.0
1.0
1.0
1.0
1.0
-3.0
-3.0
-3.0
-3.0
-3.0
2.0
1.0
1.0
1.0
4.0
4.0
1.0
1.0
1.0
1.0
1.0
3.0
1.0
1.0
-1.7440505357570188
3.0
2.0
1.0
1.0
1.0
1.0
1.0
2.0
2.0
1.0
2.0
2.0
1.0
1.0
1.0
2.0
2.0
1.0
1.0
3.0
3.0
3.0
1.0
1.0
3.0
1.0
1.0
2.0
1.0
1.0
1.0
2.0
1.0
1.0
1.0
1.0
3.0
1.0
1.0
1.0
1.0
1.0
1.0
1.0
5.896574937674938
2.0
5.0
1.0
2.0
1.871680370435488
3.0
2.0
1.0
3.0
1.0
2.0
2.0
2.0
2.0
1.0
1.0
1.0
1.0
6.0
3.0
6.0
1.0
1.0
1.0
3.0
1.0
4.0
5.0
1.0
1.0
1.0
1.0
1.0
16.0
1.0
2.0
12.0
2.0
2.0
3.0
8.0
13.0
5.0
2.0
1.0
2.0
6.0
4.0
4.0
2.0
1.0
3.0
2.0
1.0
1.0
1.0
3.0
2.0
1.0
3.0
1.0
1.0
1.0
3.0
1.0
1.0
1.0
2.0
3.0
7.0
4.0
3.0
1.0
2.0
2.0
2.0
1.0
1.0
1.0
1.0
1.0
1.0
1.0
1.0
1.0
1.0
1.0
1.0
1.0
1.0
1.0
1.0
1.0
1.0
1.0
1.0
1.0
1.0
1.0
1.0
2.0
2.0
2.0
2.0
3.0
1.0
3.0
1.0
1.0
1.0
1.0
1.0
2.0
1.0
1.0
1.0
2.0
1.0
1.0
1.0
4.0
3.0
1.0
1.0
1.0
1.0
1.0
1.0
1.0
1.0
5.0
3.0
2.0
1.0
1.0
1.0
1.0
1.0
1.0
1.0
1.0
3.0
4.0
3.0
1.0
1.0
1.0
1.0
1.0
1.0
1.0
1.0
1.0
1.0
1.0
1.0
1.0
1.0
1.0
1.0
1.0
2.0
1.0
1.0
1.0
1.0
1.0
1.0
1.0
2.0
1.0
1.0
1.0
1.0
1.0
1.0
1.0
1.0
1.0
1.0
1.0
1.0
3.0
8.0
2.0
1.0
2.0
1.0
1.0
4.0
1.0
1.0
1.0
1.0
1.0
7.0
5.0
2.0
3.0
1.0
1.0
2.0
1.0
1.0
2.0
2.0
2.0
2.0
3.0
1.0
1.0
3.0
2.0
3.0
3.0
1.0
1.0
1.0
1.0
2.0
2.0
3.0
2.0
3.0
1.0
1.0
2.0
1.0
2.0
2.0
2.0
2.0
3.0
1.0
2.0
2.0
1.0
1.0
1.0
1.0
1.0
1.0
1.0
1.0
1.0
2.0
1.0
1.0
1.0
3.0
1.0
1.0
1.0
1.0
1.0
1.0
1.0
2.0
1.0
4.0
0.9323652957291202
5.0
1.0
4.0
1.0
8.0
1.0
3.0
3.0
4.0
1.0
2.0
2.0
1.0
1.0
3.0
2.0
3.0
1.0
2.0
1.0
1.0
2.0
1.0
1.0
4.0
6.0
1.0
1.0
1.0
2.0
2.0
1.0
1.0
3.0
5.0
4.0
1.0
1.0
5.0
1.0
1.0
2.0
1.0
1.0
11.766433217644284
4.0
2.0
1.0
4.0
2.0
6.0
1.0
1.0
1.0
1.0
6.0
4.0
1.0
1.0
3.0
3.0
2.0
9.0
3.0
3.0
3.0
3.0
2.0
5.0
13.0
5.0
5.0
5.0
5.0
3.0
2.0
2.0
3.0
11.0
1.0
1.0
2.0
18.0
11.0
5.0
5.0
5.0
5.0
5.0
5.0
2.0
1.0
3.0
3.0
2.0
1.0
2.0
1.0
1.0
21.0
6.0
6.0
6.0
6.0
1.0
2.0
3.0
2.0
5.0
3.0
2.0
5.0
13.0
5.0
5.0
5.0
5.0
2.0
6.0
2.0
24.0
5.0
5.0
5.0
5.0
2.0
1.0
2.0
1.0
2.0
4.0
3.0
12.0
4.0
4.0
4.0
4.0
4.0
4.0
4.0
1.0
9.0
1.0
10.0
4.0
1.0
21.0
6.0
6.0
6.0
6.0
1.0
2.0
1.0
1.0
1.0
4.0
3.0
5.0
6.0
1.0
1.0
3.0
15.0
1.0
1.0
5.0
5.0
5.0
5.0
1.0
1.0
7.0
4.0
1.0
10.0
1.0
1.0
5.0
5.0
5.0
5.0
1.0
7.0
10.0
5.0
5.0
5.0
5.0
2.0
1.0
4.0
2.0
1.0
3.0
5.0
4.0
2.0
2.0
5.0
5.0
5.0
5.0
5.0
5.0
5.0
1.0
1.0
2.0
3.0
1.0
1.0
3.0
11.0
1.0
1.0
4.0
2.0
1.0
1.0
1.0
1.0
1.0
1.0
2.0
2.0
9.0
2.0
1.0
1.0
3.0
1.0
4.0
3.0
1.0
3.0
1.0
1.0
20.0
1.0
4.0
4.0
4.0
4.0
4.0
4.0
4.0
4.0
1.0
1.0
4.0
1.0
1.0
2.0
1.0
9.0
3.0
1.0
1.0
37.0
6.0
6.0
6.0
6.0
6.0
6.0
1.0
1.0
1.0
1.0
1.0
1.0
1.0
6.0
16.0
5.0
5.0
5.0
5.0
1.0
1.0
27.0
6.0
6.0
6.0
6.0
1.0
1.0
8.0
1.0
2.0
1.0
30.0
6.0
6.0
6.0
6.0
6.0
1.0
1.0
1.0
1.0
8.0
2.0
2.0
2.0
6.853588898931772
5.0
2.0
7.0
3.0
30.0
5.0
5.0
5.0
5.0
5.0
5.0
3.0
10.0
6.0
1.0
10.0
5.0
4.0
1.0
6.0
8.0
1.0
6.0
6.0
6.0
6.0
2.0
3.0
4.0
4.0
5.0
2.0
1.0
1.0
9.0
5.0
5.0
5.0
5.0
1.0
1.0
1.0
2.0
2.0
1.0
7.0
5.0
5.0
5.0
5.0
5.0
5.0
5.0
1.0
2.0
2.0
7.0
6.0
6.0
1.0
6.0
2.0
9.0
3.0
5.0
1.0
1.0
2.0
5.0
1.0
1.0
5.790662205445507
4.0
9.0
1.0
10.0
1.0
1.0
2.0
10.0
6.0
2.0
2.0
5.0
5.0
1.0
1.0
2.0
4.0
5.0
13.0
1.0
1.0
11.0
1.0
1.0
4.0
4.0
3.0
1.0
2.0
1.0
1.0
1.0
2.0
4.0
4.0
5.0
1.0
1.0
1.0
7.0
1.0
5.0
2.0
1.0
1.0
2.0
1.0
2.0
1.0
1.0
3.0
3.0
2.0
1.0
5.0
5.0
-5.0
-5.0
19.016355619103628
-5.0
1.0
2.0
1.0
2.0
1.0
1.0
7.0
19.542389653762378
3.0
-7.0
-7.0
-7.0
-7.0
9.0
3.0
16.98941422728148
2.0
-7.0
-9.0
-7.0
-7.0
1.0
2.0
2.0
2.0
1.0
2.0
-9.0
-9.0
-9.0
-9.0
1.0
1.0
1.0
1.0
-17.0
-17.0
1.0
2.0
2.0
1.0
2.0
1.0
-7.0
-7.0
-7.0
-7.0
-7.0
-7.0
1.0
2.0
2.0
1.0
-7.0
-7.0
-7.0
-7.0
-15.0
1.0
1.0
2.0
-18.0
-18.0
5.0
-10.0
-10.0
-10.0
-10.0
1.0
5.0
1.0
2.0
4.0
-9.0
-9.0
-9.0
-9.0
2.0
5.0
2.0
-9.0
-9.0
-9.0
-9.0
1.0
1.0
-5.0
-5.0
-5.0
-5.0
3.0
2.0
1.0
1.0
2.0
-9.0
-9.0
-9.0
-9.0
-9.0
-9.0
-9.0
1.0
1.0
2.0
1.0
