2.0
1.0
1.0
2.0
1.0
2.0
4.0
7.0
1.0
2.0
-11.323144225331724
5.0
1.0
1.0
1.0
1.0
3.0
1.0
2.0
1.0
1.0
1.0
1.0
1.0
1.0
1.0
5.0
2.0
1.0
3.0
1.0
-15.948891332965399
5.0
1.0
1.0
2.0
1.0
1.0
1.0
2.0
3.0
1.0
1.0
1.0
1.0
1.0
1.0
1.0
1.0
1.0
1.0
1.0
1.0
5.0
3.0
2.0
1.0
1.0
2.0
1.0
1.0
1.0
1.0
1.0
1.0
1.0
2.0
1.0
5.0
1.0
2.0
1.0
1.0
2.0
1.0
1.0
1.0
1.0
2.0
1.0
7.0
4.0
1.0
2.0
1.0
2.0
12.0
5.0
1.0
15.0
1.0
2.0
2.0
2.0
1.0
1.0
8.0
1.0
4.0
1.0
1.0
16.0
-19.567818122971566
3.0
1.0
2.0
1.0
1.0
6.0
7.0
1.0
2.0
3.0
2.0
2.0
3.0
2.0
1.0
5.0
1.0
3.0
6.004736838245464
2.0
1.0
1.0
1.0
10.0
10.0
1.0
3.0
2.0
1.0
2.0
5.784353490880598
2.0
1.0
3.0
1.0
1.0
-15.151459247432557
1.0
1.0
1.0
1.0
7.0
1.0
1.0
13.0
1.0
1.0
1.0
10.0
2.0
1.0
3.0
1.0
1.0
2.0
3.0
1.0
1.0
1.0
1.0
1.0
1.0
1.0
2.0
1.0
14.0
1.0
1.0
1.0
2.0
2.0
1.0
3.0
2.0
1.0
1.0
1.0
2.0
5.0
1.0
1.0
1.0
4.0
1.0
4.0
2.0
14.0
1.0
2.0
2.0
4.0
1.0
1.0
3.0
1.0
1.0
2.0
1.0
1.0
4.0
3.0
17.0
6.8960345757485975
1.0
1.0
1.0
3.0
1.0
3.0
5.0
1.0
2.0
2.0
2.0
1.0
1.0
1.0
4.0
1.0
-9.67642557613801
1.0
1.0
1.0
1.0
1.0
1.0
5.0
2.0
2.0
3.0
1.0
1.0
1.0
1.0
2.0
1.0
1.0
1.0
1.0
1.0
5.0
2.0
3.0
2.0
2.0
3.0
1.0
2.0
4.0
1.0
-7.588816538774301
2.0
2.0
1.0
1.0
1.0
1.0
1.0
3.0
2.0
1.0
1.0
13.0
3.0
1.0
1.0
1.0
7.0
4.0
1.0
1.0
1.0
8.0
1.0
1.0
6.0
2.0
1.0
3.0
2.0
8.0
2.0
-7.770847122843483
1.0
1.0
5.0
1.0
8.0
1.0
4.0
9.0
7.0
1.0
1.0
8.0
1.0
2.0
1.0
1.0
4.0
1.0
1.0
1.0
7.0
4.0
5.0
3.0
-9.44747058285591
1.0
1.0
2.0
1.0
1.0
1.0
1.0
1.0
1.0
6.0
3.0
2.0
2.0
1.0
1.0
1.0
1.0
1.0
-14.110612777880789
5.0
1.0
1.0
3.0
1.0
1.0
3.0
3.0
1.0
1.0
1.0
2.0
2.0
1.0
1.0
1.0
3.0
4.0
4.0
1.0
1.0
1.0
2.0
1.0
2.0
2.0
2.0
8.0
9.0
3.0
1.0
2.0
1.0
1.0
3.0
2.0
2.0
3.0
3.0
3.0
4.0
1.0
5.0
1.0
1.0
1.0
1.0
3.0
2.0
3.0
3.0
2.0
10.0
2.0
1.0
1.0
1.0
1.0
3.0
3.0
3.0
3.0
2.0
1.0
15.0
1.0
1.0
2.0
2.0
3.0
2.0
11.0
1.0
1.0
1.0
2.0
3.0
2.0
3.0
1.0
9.0
1.0
1.0
1.0
2.0
3.0
2.0
3.0
2.0
1.0
13.0
6.0
5.0
2.0
2.0
2.0
3.0
2.0
3.0
4.0
3.0
2.0
3.0
2.0
3.0
4.0
2.0
7.0
2.0
3.0
2.0
3.0
1.0
1.0
3.0
2.0
3.0
2.0
1.0
1.0
1.0
1.0
1.0
1.0
1.0
1.0
1.0
3.0
2.0
1.0
3.0
7.0
2.0
13.0
6.0
4.0
1.0
1.0
1.0
2.0
1.0
3.0
2.0
10.0
2.0
14.0
1.0
1.0
1.0
9.0
3.0
2.0
1.0
-11.702128985243952
10.0
2.0
1.0
1.0
1.0
2.0
3.0
7.0
5.0
1.0
1.0
1.0
2.0
6.0
2.0
2.0
4.0
2.0
1.0
1.0
1.0
3.0
-9.873882577512942
10.0
3.0
1.0
1.0
1.0
5.0
3.0
5.0
1.0
3.0
1.0
1.0
2.0
2.0
3.0
2.0
1.0
2.0
1.0
1.0
1.0
2.0
1.0
1.0
1.0
1.0
5.0
1.0
2.0
1.0
1.0
1.0
1.0
1.0
4.0
1.0
1.0
14.0
1.0
4.0
1.0
13.0
11.0
2.0
2.0
1.0
5.0
1.0
11.0
1.0
1.0
1.0
1.0
1.0
4.0
1.0
1.0
1.0
1.0
3.0
1.0
3.0
1.0
5.0
9.0
1.0
1.0
1.0
1.0
4.0
1.0
6.0
13.0
1.0
3.0
3.0
4.0
1.0
3.0
1.0
4.0
1.0
14.0
9.0
12.0
7.0
1.0
1.0
1.0
15.25335002494679
4.0
4.0
6.0
10.0
8.0
21.0
4.0
4.0
3.0
2.0
4.0
1.0
2.0
12.0
11.0
1.0
3.0
4.0
1.0
1.0
1.0
1.0
3.0
6.0
7.0
2.0
5.0
3.0
3.0
8.0
10.0
2.0
19.0
8.0
5.0
1.0
3.0
2.0
6.0
2.0
2.0
1.0
2.0
3.0
8.0
9.0
6.0
12.684757160496972
1.0
1.0
2.0
2.0
2.0
-3.2880572658691847
4.0
5.0
8.0
7.0
13.0
3.0
9.0
2.0
1.0
3.0
5.0
1.0
3.0
1.0
1.0
7.0
8.0
1.0
2.0
1.0
1.0
6.0
1.0
1.0
1.0
5.0
15.0
1.0
2.0
7.0
5.0
4.0
5.0
4.0
16.0
10.0
2.0
1.0
1.0
1.0
1.0
1.0
1.0
2.0
1.0
7.0
7.0
4.0
1.0
2.0
1.0
2.0
1.0
1.0
1.0
1.0
2.0
2.0
1.0
1.0
1.0
1.0
1.0
1.0
1.0
1.0
1.0
1.0
1.0
2.0
2.0
4.0
1.0
1.0
1.0
2.0
7.0
1.0
1.0
1.0
1.0
1.0
1.0
1.0
2.0
3.0
6.0
7.0
4.0
1.0
3.0
1.0
1.0
1.0
1.0
1.0
1.0
1.0
1.0
1.0
2.0
1.0
1.0
2.0
1.0
1.0
1.0
2.0
1.0
1.0
1.0
1.0
1.0
2.0
2.0
3.0
6.0
1.0
1.0
2.0
1.0
1.0
2.0
1.0
1.0
13.0
19.0
2.0
1.0
1.0
4.0
1.0
8.469939784825247
1.0
1.0
1.0
1.0
1.0
1.0
1.0
1.0
1.0
2.0
1.0
1.0
1.0
16.0
15.0
1.0
2.0
2.0
2.0
1.0
1.0
1.0
2.0
1.0
1.0
1.0
1.0
1.0
2.0
1.0
1.0
3.0
1.0
1.0
1.0
2.0
1.0
1.0
12.0
7.0
1.0
5.0
1.0
3.0
1.0
1.0
1.0
2.0
3.0
5.4447666897279134
1.0
6.0
7.0
3.0
5.0
3.0
1.0
1.0
14.631964281286955
2.0
1.0
7.0
16.0
1.0
1.0
5.0
3.0
1.0
1.0
3.0
2.0
1.0
1.0
1.0
2.0
3.0
3.0
1.0
1.0
2.0
1.0
1.0
1.0
2.0
30.0
1.0
4.0
7.0
1.0
1.0
1.0
1.0
1.0
1.0
1.0
2.0
1.0
2.0
1.0
1.0
1.0
1.0
5.0
24.0
4.0
2.0
1.0
1.0
1.0
2.0
2.0
1.0
1.0
1.0
3.0
1.0
2.0
1.0
1.0
1.0
1.0
1.0
1.0
1.0
2.0
1.0
1.0
1.0
1.0
1.0
1.0
1.0
1.0
3.0
1.0
1.0
1.0
3.0
5.0
2.0
1.0
1.0
1.0
2.0
1.0
2.0
1.0
3.0
1.0
1.0
1.0
1.0
2.0
2.0
2.0
1.0
1.0
1.0
2.0
2.0
4.0
1.0
3.0
1.0
4.0
1.0
1.0
2.0
1.0
1.0
4.0
1.0
2.0
1.0
1.0
2.0
4.0
1.0
2.0
2.0
5.0
1.0
1.0
2.0
1.0
1.0
3.0
1.0
1.0
3.0
3.0
5.0
3.0
4.0
1.0
1.0
1.0
2.0
1.0
2.0
1.0
2.0
1.0
1.0
3.0
1.0
1.0
1.0
1.0
2.0
1.0
1.0
1.0
2.0
1.0
1.0
1.0
1.0
1.0
1.0
1.0
1.0
4.0
1.0
1.0
1.0
2.0
1.0
1.0
6.0
1.0
1.0
1.0
2.0
2.0
1.0
1.0
1.0
2.0
2.0
1.0
1.0
2.0
1.0
1.0
1.0
1.0
2.0
1.0
9.0
1.0
-5.0
-5.0
1.0
1.0
1.0
5.0
4.0
3.0
4.0
1.0
1.0
1.0
6.0
6.0
2.0
1.0
3.0
2.0
1.0
4.0
5.0
1.0
3.0
1.0
1.0
2.0
1.0
5.0
1.0
1.0
10.0
4.0
1.0
15.187281341521043
1.0
3.0
7.0
1.0
2.0
8.0
1.0
2.0
1.0
1.0
1.0
2.0
1.0
2.0
9.0
1.0
9.0
1.0
1.0
1.0
3.0
1.0
1.0
4.0
4.0
1.0
2.0
1.0
2.0
1.0
1.0
1.0
2.0
1.0
1.0
2.0
4.0
1.0
1.0
10.0
1.0
1.0
1.0
3.0
1.0
4.432634882400034
4.0
9.0
1.0
1.0
5.0
1.0
1.0
1.0
4.0
2.0
5.0
1.0
7.0
1.0
5.0
1.0
1.0
1.0
2.0
1.0
5.0
4.0
6.0
1.0
-0.05257762875391592
1.0
1.0
1.0
2.0
2.0
1.0
1.0
1.0
1.0
3.0
1.0
2.0
4.0
1.0
2.0
1.0
1.0
1.0
5.0
4.0
2.0
7.0
2.0
1.0
2.0
1.0
2.0
1.0
3.0
4.0
4.0
1.0
1.0
2.0
4.0
2.0
6.0
1.0
5.0
1.0
8.0
7.0
1.0
4.0
3.0
1.0
1.0
1.0
2.0
15.845081518248008
4.0
1.0
1.0
1.0
1.0
2.0
1.0
1.0
3.0
2.0
1.0
4.0
7.0
7.0
4.0
1.0
1.0
4.0
1.0
1.0
2.0
1.0
5.0
1.0
2.0
1.0
7.0
4.0
2.0
2.0
1.0
1.0
1.0
2.0
2.0
2.0
1.0
2.0
6.0
1.0
4.0
8.0
8.0
2.0
3.0
17.0
1.0
2.0
1.0
2.0
2.0
1.0
2.0
1.0
2.0
2.0
2.0
2.0
2.0
2.0
1.0
2.0
2.0
11.0
5.0
2.0
2.0
2.0
1.0
1.0
5.0
5.0
5.0
5.0
5.0
5.0
25.0
6.0
3.0
2.0
1.0
1.0
2.0
1.0
4.0
4.0
5.0
4.0
4.0
5.0
1.0
12.0
15.0
2.0
1.0
5.0
1.0
5.0
4.0
5.0
4.0
1.0
2.0
1.0
16.0
10.0
2.0
6.0
4.0
4.0
4.0
4.0
4.0
4.0
4.0
4.0
4.0
4.0
3.0
3.0
2.0
4.0
4.0
4.0
4.0
4.0
4.0
1.0
1.0
4.0
4.0
4.0
4.0
4.0
4.0
1.0
1.0
4.0
4.0
4.0
4.0
4.0
4.0
4.0
4.0
4.0
4.0
1.0
1.0
1.0
1.0
1.0
1.0
1.0
1.0
3.0
1.0
1.0
10.0
1.0
1.0
1.0
1.0
1.0
1.0
1.0
1.0
1.0
21.0
15.0
1.0
1.0
5.0
1.0
6.0
3.0
3.0
3.0
3.0
3.0
3.0
3.0
3.0
3.0
2.0
23.0
14.0
1.0
-13.5804338737724
1.0
1.0
1.0
1.0
6.0
1.0
4.0
10.0
3.0
3.0
4.0
3.0
3.0
3.0
4.0
3.0
9.0
26.0
7.0
1.0
1.0
1.0
1.0
3.0
2.0
2.0
2.0
2.0
2.0
2.0
1.0
1.0
13.0
2.0
1.0
1.0
2.0
2.0
2.0
2.0
2.0
2.0
3.0
2.0
-9.926885386088106
2.0
2.0
2.0
2.0
2.0
2.0
2.0
1.0
2.0
2.0
2.0
2.0
2.0
2.0
2.0
2.0
2.0
2.0
2.0
1.0
3.0
-6.0
-6.0
-7.0
-6.0
-6.0
-6.0
-7.0
-6.0
4.0
3.0
1.0
1.0
-14.610144834303584
-6.0
-7.0
-6.0
-6.0
-7.0
-6.0
1.0
3.0
2.0
1.0
-7.0
-9.0
-7.0
-7.0
-9.0
-7.0
1.0
-7.0
-7.0
-7.0
-7.0
-7.0
-7.0
1.0
1.0
-7.0
-7.0
-7.0
-7.0
-7.0
-7.0
1.0
1.0
1.0
-7.0
-7.0
-7.0
-7.0
-7.0
-7.0
-7.0
-7.0
-7.0
-7.0
3.0
4.0
1.0
1.0
3.0
1.0
2.0
1.0
9.0
5.0
1.0
1.0
2.0
1.0
1.0
2.0
1.0
3.0
4.0
1.0
5.0
1.0
1.0
1.0
3.0
1.0
1.0
1.0
1.0
3.0
2.0
3.0
2.0
1.0
1.0
1.0
2.0
7.0
6.0
5.8777133365943754
3.0
3.0
1.0
1.0
1.0
1.0
1.0
2.0
5.0
5.0
7.0
1.0
2.0
1.0
9.0
2.0
13.0
1.0
1.0
1.0
5.0
5.0
2.0
4.0
1.0
5.0
4.0
2.0
2.0
1.0
2.0
15.0
17.0
4.0
5.0
7.0
13.0
1.0
3.0
12.875451314672787
1.0
1.0
12.0
5.0
5.0
1.0
11.0
2.0
4.0
2.0
1.0
1.0
4.0
2.0
1.0
1.0
2.0
1.0
1.0
2.0
1.0
1.0
2.0
6.0
1.0
1.0
2.0
4.0
7.0
3.0
2.0
2.0
3.0
1.0
1.0
1.0
1.0
1.0
2.0
1.0
1.0
1.0
1.0
1.0
1.0
1.0
1.0
2.0
6.0
2.0
1.0
4.0
1.0
1.0
1.0
1.0
3.0
1.0
2.0
1.0
1.0
1.0
1.0
1.0
1.0
1.0
1.0
1.0
1.0
1.0
1.0
4.0
1.0
1.0
4.0
4.0
2.0
2.0
5.0
5.0
2.0
4.0
4.0
3.0
2.0
-9.646671552999626
4.0
2.0
2.0
1.0
1.0
2.0
2.0
2.0
1.0
1.0
1.0
1.0
2.0
1.0
1.0
1.0
2.0
1.0
4.0
1.0
1.0
1.0
1.0
4.0
3.0
1.0
5.0
5.0
1.0
2.0
2.0
1.0
3.0
3.0
4.0
3.0
3.0
5.0
1.0
3.0
4.0
2.0
1.0
1.0
1.0
2.0
1.0
3.0
3.0
3.0
3.0
3.0
2.0
4.0
2.0
1.0
4.0
2.0
1.0
2.0
2.0
1.0
5.0
4.0
4.0
5.0
1.0
1.0
2.0
1.0
1.0
1.0
5.0
5.0
6.0
10.0
1.0
1.0
7.0
2.0
1.0
10.0
4.0
3.0
3.0
1.0
7.0
1.0
11.0
1.0
2.0
2.0
1.0
13.649923935739274
2.0
1.0
1.0
5.0
8.0
1.0
7.0
3.0
1.0
2.0
2.0
1.0
2.0
1.0
1.0
1.0
1.0
2.0
7.0
6.0
1.0
2.0
1.0
1.0
1.0
2.6360603178652866
1.0
7.0
1.0
1.0
1.0
2.0
3.3511282408146634
1.0
4.0
1.0
3.0
6.0
1.0
2.0
3.0
15.0
3.0
2.0
3.0
4.0
1.0
6.0
6.0
4.0
2.0
1.0
1.0
1.0
1.0
1.0
1.0
3.0
7.0
1.0
3.0
1.0
1.0
1.0
3.0
2.0
1.0
2.0
2.0
1.0
1.0
3.0
3.0
3.0
1.0
1.0
4.0
3.0
3.0
3.0
1.0
1.0
1.0
4.0
4.0
4.0
2.0
3.0
1.0
2.0
1.0
1.0
1.0
2.0
2.0
3.0
4.0
4.0
2.0
6.0
3.0
1.0
2.0
1.0
1.0
1.0
2.0
2.0
3.0
1.0
13.0
3.0
1.0
1.0
6.0
1.0
1.0
1.0
4.0
1.0
2.0
2.0
2.0
4.0
3.0
3.0
1.0
1.0
1.0
2.0
2.0
2.0
3.0
3.0
1.0
2.0
2.0
2.0
1.0
1.0
17.575186749401105
1.0
2.0
1.0
2.0
2.0
1.0
1.0
2.0
2.0
1.0
2.0
6.0
6.0
2.0
3.0
2.0
2.0
2.0
2.0
2.0
2.0
6.0
6.0
2.0
3.0
2.0
2.0
2.0
2.0
21.0
3.0
4.0
1.0
2.0
2.0
8.0
1.0
7.0
2.0
1.0
2.0
3.0
4.0
4.0
1.0
-13.621818980394721
1.0
6.0
3.0
1.0
1.0
2.0
10.0
1.0
10.0
3.0
3.0
2.0
1.0
4.0
3.0
1.0
2.0
1.0
-2.8956836070197802
4.0
1.0
3.0
1.0
2.0
2.0
1.0
1.0
1.0
1.0
3.0
1.0
1.0
2.0
1.0
1.0
1.0
1.0
1.0
1.0
1.0
1.0
1.0
1.0
12.879792573235108
4.0
3.0
1.0
1.0
1.0
1.0
1.0
1.0
2.0
2.0
1.0
4.0
1.0
4.0
1.0
1.0
1.0
1.0
2.0
1.0
3.0
2.0
1.0
1.0
2.0
2.0
6.0
24.0
4.0
1.0
3.0
2.0
1.0
1.0
16.0
35.0
3.0
1.0
1.0
1.0
1.0
1.0
1.0
3.0
5.0
1.0
1.0
2.0
7.0
5.0
5.0
2.0
3.0
1.0
1.0
1.0
8.0
1.0
5.0
3.0
2.0
9.0
6.0
1.0
4.0
13.0
1.0
7.0
7.0
1.0
1.0
1.0
1.0
1.0
4.0
6.0
3.0
2.0
0.17051814530430676
8.0
6.0
1.0
1.0
1.0
2.0
3.0
1.0
2.0
8.0
1.0
2.0
9.0
2.0
1.0
1.0
1.0
1.0
1.0
4.0
1.0
1.0
4.0
5.0
1.0
1.0
2.0
3.0
2.0
1.0
2.0
5.0
6.0
4.0
6.0
8.0
11.0
7.0
6.0
1.0
1.0
1.0
4.0
1.0
3.0
4.0
5.0
12.0
5.0
2.0
3.0
1.0
4.0
2.0
1.0
1.0
1.0
3.0
4.0
3.0
2.0
2.0
3.0
5.0
1.0
7.0
5.0
2.0
2.0
3.0
1.0
1.0
1.0
1.0
2.0
1.0
2.0
1.0
1.0
12.0
10.0
8.0
6.0
5.0
1.0
1.0
1.0
3.0
1.0
1.0
1.0
3.0
4.0
1.0
2.0
-15.760286675079058
1.0
1.0
2.0
1.0
1.0
8.0
1.0
1.0
2.0
2.0
5.0
2.0
2.0
1.0
1.0
3.0
2.0
3.0
1.0
6.0
6.0
1.0
1.0
6.0
6.0
6.0
9.0
3.0
9.720822179842475
10.0
1.0
1.0
11.0
1.0
1.0
3.0
8.0
9.0
2.0
1.0
2.0
3.0
3.0
3.0
1.0
1.0
1.0
5.0
5.0
2.0
1.0
2.0
2.914492037021297
3.0
1.0
1.0
5.0
1.0
1.0
1.0
1.0
2.0
1.0
2.0
1.0
3.0
4.0
1.0
2.0
1.0
2.0
1.0
2.0
1.0
2.0
2.0
1.0
1.0
2.0
2.0
1.0
1.0
-11.745035007775048
1.0
1.0
1.0
8.0
2.0
1.0
5.0
6.0
2.0
1.0
1.0
1.0
6.0
2.0
3.0
4.0
3.0
1.0
1.0
2.0
2.0
1.0
1.0
11.0
1.0
1.0
2.0
4.0
5.0
3.0
1.0
4.0
1.0
14.0
4.0
7.0
1.0
1.0
2.0
1.0
1.0
1.0
1.0
1.0
1.0
3.0
1.0
9.0
2.0
2.0
1.0
1.0
7.0
1.0
8.0
1.0
1.0
1.0
1.0
2.0
1.0
1.0
1.0
1.0
1.0
1.0
1.0
1.0
1.0
1.0
1.0
4.0
4.0
3.0
2.0
1.0
1.0
1.0
1.0
3.0
1.0
1.0
1.0
1.0
1.0
1.0
1.0
1.0
2.0
1.0
3.0
3.0
1.0
1.0
3.0
5.0
9.0
7.0
2.0
2.0
1.0
1.0
1.0
2.0
3.0
1.0
1.0
2.0
3.0
1.0
1.0
2.0
2.0
1.0
1.0
1.0
1.0
2.0
1.0
1.0
1.0
1.0
2.0
4.0
12.0
7.0
6.0
6.0
9.0
11.0
2.0
8.0
10.0
6.0
11.0
1.0
1.0
4.0
1.0
10.0
11.0
3.0
8.0
12.0
10.0
1.0
1.0
1.0
1.0
7.0
7.0
2.775103601180952
7.0
2.0
1.0
1.0
1.0
2.0
1.0
1.0
5.0
1.0
2.0
1.0
1.0
3.0
1.0
3.0
1.0
1.0
1.0
1.0
1.0
1.0
1.0
1.0
4.0
1.0
1.0
2.0
1.0
1.0
3.0
1.0
1.0
2.0
1.0
1.0
2.0
3.0
1.0
2.0
1.0
1.0
1.0
1.0
1.0
1.0
2.0
1.0
2.0
1.0
2.0
5.0
6.0
1.0
2.0
1.0
1.0
3.0
1.0
1.0
2.0
3.0
7.578602994818283
1.0
1.0
2.0
5.0
5.0
1.0
1.0
4.0
3.0
2.0
1.0
1.0
1.0
1.0
2.0
3.0
1.0
1.0
4.0
4.0
3.0
-2.0
-3.0
2.0
1.0
1.0
2.0
10.0
1.0
-12.979720407130886
1.0
2.0
3.0
4.0
1.0
2.0
1.0
17.0
1.0
1.0
1.0
1.0
2.0
1.0
1.0
1.0
4.0
4.0
1.0
3.0
1.0
1.0
2.0
1.0
1.0
1.0
2.0
2.0
1.0
1.0
1.0
1.0
2.0
3.0
2.0
2.0
3.0
1.0
1.0
1.0
2.0
3.0
1.0
1.0
2.0
4.0
2.0
1.0
1.0
1.0
-9.262388360093595
2.0
3.0
1.0
4.0
1.0
1.0
1.0
4.0
4.0
1.0
1.0
2.0
2.0
2.0
2.0
1.0
2.0
1.0
4.0
2.0
1.0
6.0
10.0
8.0
5.0
4.0
4.0
6.0
2.0
1.0
1.0
1.0
1.0
1.0
2.0
2.0
3.0
2.0
3.0
2.0
2.0
1.0
1.0
1.0
1.0
1.0
1.0
3.0
2.0
5.0
1.0
1.0
5.0
1.0
5.0
1.0
2.0
5.0
3.0
2.0
1.0
1.0
1.0
1.0
1.0
1.0
1.0
2.0
1.0
1.0
1.0
1.0
3.0
3.0
2.0
4.0
1.0
1.0
1.0
1.0
1.0
1.0
1.0
3.0
5.0
1.0
1.0
1.0
2.0
2.0
1.0
1.0
5.0
1.0
1.0
5.0
1.0
1.0
7.0
7.0
8.756136180946811
1.0
4.0
2.0
1.0
2.0
1.0
1.0
1.0
3.0
5.0
2.0
5.0
1.0
2.0
4.0
1.0
3.0
1.0
1.0
1.0
1.0
-2.0
-2.0
-3.0
1.0
1.0
2.0
2.0
3.0
2.0
2.0
1.0
1.0
1.0
-2.0
-2.0
-2.0
-2.0
-2.0
2.0
1.0
2.0
1.0
1.0
1.0
1.0
2.0
2.0
2.0
2.0
4.0
1.0
1.0
1.0
1.0
2.0
1.0
1.0
1.0
1.0
7.0
1.0
1.0
1.0
2.0
1.0
1.0
1.0
1.0
1.0
12.0
1.0
1.0
1.0
1.0
1.0
2.0
1.0
1.0
1.0
1.0
1.0
2.0
1.0
2.0
4.0
3.0
1.0
1.0
3.0
1.0
1.0
1.0
1.0
1.0
1.0
1.0
1.0
1.0
3.0
7.0
2.0
1.0
1.0
1.0
1.0
1.0
1.0
1.0
1.0
1.0
1.0
1.0
1.0
1.0
1.0
1.0
1.0
6.0
1.0
1.0
1.0
1.0
1.0
1.0
1.0
1.0
1.0
1.0
1.0
1.0
1.0
1.0
1.0
1.0
1.0
1.0
4.0
1.0
1.0
1.0
1.0
1.0
1.0
1.0
1.0
-4.0
-4.0
-4.0
-4.0
-4.0
1.0
1.0
1.0
-13.289278965277722
2.0
-5.0
-5.0
-5.0
-5.0
1.0
1.0
-7.0
-7.0
-7.0
1.0
1.0
1.0
1.0
1.0
-3.0
-3.0
-3.0
-3.0
-3.0
2.0
1.0
1.0
1.0
4.0
4.0
1.0
1.0
1.0
1.0
1.0
3.0
1.0
1.0
3.0
3.0
2.0
1.0
1.0
1.0
1.0
1.0
2.0
2.0
1.0
2.0
2.0
1.0
1.0
1.0
2.0
2.0
1.0
1.0
3.0
3.0
3.0
1.0
1.0
3.0
1.0
1.0
2.0
1.0
1.0
1.0
2.0
1.0
1.0
1.0
1.0
3.0
1.0
1.0
1.0
1.0
1.0
1.0
1.0
4.0
2.0
5.0
1.0
2.0
2.0
3.0
2.0
1.0
3.0
1.0
2.0
2.0
2.0
2.0
1.0
1.0
1.0
1.0
6.0
3.0
6.0
1.0
1.0
1.0
3.0
1.0
4.0
5.0
1.0
1.0
18.501397130232675
1.0
1.0
16.0
1.0
2.0
12.0
2.0
2.0
3.0
8.0
13.0
5.0
2.0
1.0
2.0
6.0
4.0
4.0
2.0
1.0
3.0
2.0
1.0
1.0
1.0
3.0
2.0
1.0
3.0
1.0
1.0
1.0
3.0
1.0
1.0
1.0
2.0
3.0
7.0
4.0
3.0
1.0
2.0
2.0
2.0
1.0
1.0
1.0
1.0
1.0
1.0
1.0
1.0
1.0
1.0
1.0
1.0
1.0
1.0
1.0
1.0
1.0
1.0
1.0
1.0
1.0
1.0
1.0
1.0
2.0
2.0
2.0
2.0
3.0
1.0
3.0
1.0
1.0
1.0
1.0
8.676790230872761
2.0
1.0
1.0
1.0
2.0
1.0
1.0
1.0
4.0
3.0
1.0
1.0
1.0
1.0
1.0
1.0
1.0
1.0
5.0
3.0
2.0
1.0
1.0
1.0
1.0
1.0
1.0
1.0
1.0
3.0
4.0
3.0
1.0
1.0
1.0
1.0
1.0
1.0
1.0
1.0
1.0
1.0
1.0
1.0
1.0
1.0
1.0
1.0
1.0
2.0
1.0
1.0
1.0
1.0
1.0
1.0
1.0
2.0
1.0
1.0
1.0
1.0
1.0
1.0
1.0
1.0
1.0
1.0
1.0
1.0
3.0
8.0
2.0
1.0
2.0
1.0
1.0
4.0
1.0
1.0
1.0
1.0
1.0
7.0
5.0
2.0
3.0
1.0
1.0
2.0
1.0
1.0
2.0
2.0
2.0
2.0
3.0
1.0
1.0
3.0
2.0
3.0
3.0
1.0
1.0
1.0
1.0
2.0
2.0
3.0
2.0
3.0
1.0
1.0
2.0
1.0
2.0
2.0
2.0
2.0
3.0
7.32660611522428
2.0
2.0
1.0
1.0
1.0
1.0
1.0
1.0
1.0
1.0
1.0
2.0
1.0
1.0
1.0
3.0
1.0
1.0
1.0
1.0
1.0
1.0
1.0
2.0
1.0
4.0
1.0
5.0
1.0
4.0
1.0
8.0
1.0
3.0
3.0
4.0
1.0
2.0
2.0
1.0
1.0
3.0
2.0
3.0
1.0
2.0
1.0
1.0
2.0
1.0
1.0
4.0
6.0
1.0
1.0
1.0
2.0
2.0
1.0
1.0
3.0
5.0
4.0
1.0
1.0
-14.942196436996591
1.0
1.0
2.0
1.0
1.0
1.0
4.0
2.0
1.0
4.0
2.0
6.0
1.0
1.0
1.0
1.0
-4.587766162278722
7.952397260323188
1.0
1.0
3.0
3.0
2.0
9.0
3.0
3.0
3.0
3.0
2.0
5.0
13.0
5.0
5.0
5.0
5.0
3.0
2.0
2.0
3.0
11.0
1.0
1.0
2.0
18.0
11.0
5.0
5.0
5.0
5.0
5.0
5.0
2.0
1.0
3.0
3.0
2.0
1.0
14.675487514519048
1.0
1.0
21.0
6.0
6.0
6.0
6.0
1.0
2.0
3.0
2.0
5.0
3.0
2.0
5.0
13.0
5.0
5.0
5.0
5.0
2.0
6.0
2.0
24.0
5.0
5.0
5.0
5.0
2.0
1.0
2.0
1.0
2.0
4.0
3.0
12.0
4.0
4.0
4.0
4.0
4.0
4.0
4.0
1.0
9.0
1.0
10.0
4.0
1.0
21.0
6.0
6.0
6.0
6.0
1.0
2.0
1.0
1.0
1.0
4.0
3.0
5.0
6.0
12.86119010733497
1.0
3.0
15.0
1.0
1.0
5.0
5.0
5.0
5.0
1.0
1.0
7.0
4.0
1.0
10.0
1.0
1.0
5.0
5.0
5.0
5.0
1.0
7.0
10.0
5.0
5.0
5.0
5.0
2.0
1.0
4.0
2.0
1.0
3.0
5.0
4.0
2.0
2.0
5.0
5.0
5.0
5.0
5.0
5.0
5.0
1.0
1.0
2.0
3.0
1.0
1.0
3.0
11.0
1.0
1.0
4.0
2.0
1.0
1.0
1.0
1.0
1.0
1.0
2.0
2.0
9.0
2.0
1.0
1.0
3.0
1.0
4.0
3.0
1.0
3.0
1.0
1.0
20.0
1.0
4.0
4.0
4.0
4.0
4.0
4.0
4.0
4.0
1.0
1.0
4.0
1.0
1.0
2.0
1.0
9.0
3.0
1.0
1.0
37.0
6.0
6.0
6.0
6.0
6.0
6.0
1.0
1.0
1.0
1.0
1.0
1.0
1.0
6.0
16.0
5.0
5.0
5.0
5.0
1.0
1.0
27.0
6.0
6.0
6.0
6.0
1.0
1.0
8.0
1.0
2.0
1.0
30.0
6.0
6.0
6.0
6.0
6.0
1.0
1.0
1.0
1.0
8.0
2.5033408682879035
2.0
2.0
5.0
5.0
2.0
7.0
3.0
30.0
5.0
5.0
5.0
5.0
5.0
5.0
3.0
10.0
6.0
1.0
10.0
5.0
4.0
1.0
6.0
8.0
1.0
6.0
6.0
6.0
6.0
2.0
3.0
4.0
4.0
5.0
2.0
1.0
1.0
9.0
5.0
5.0
5.0
5.0
1.0
1.0
1.0
2.0
2.0
1.0
7.0
5.0
5.0
5.0
5.0
5.0
5.0
5.0
1.0
2.0
2.0
7.0
6.0
6.0
1.0
6.0
2.0
9.0
3.0
5.0
1.0
1.0
2.0
5.0
1.0
1.0
-1.280917961651589
4.0
9.0
1.0
10.0
1.0
1.0
2.0
10.0
6.0
2.0
9.339306910465375
5.0
5.0
1.0
1.0
2.0
4.0
5.0
13.0
1.0
1.0
11.0
1.0
1.0
4.0
4.0
3.0
1.0
2.0
1.0
1.0
1.0
13.366691449984003
4.0
4.0
5.0
1.0
1.0
1.0
7.0
1.0
5.0
2.0
1.0
1.0
2.0
1.0
2.0
1.0
1.0
3.0
3.0
2.0
1.0
5.0
5.0
-5.0
-5.0
-5.0
-5.0
1.0
2.0
1.0
2.0
1.0
1.0
7.0
1.0
3.0
-7.0
-7.0
-7.0
-7.0
9.0
3.0
7.0
2.0
-7.0
-9.0
-7.0
-7.0
1.0
2.0
2.0
2.0
1.0
2.0
-9.0
-9.0
-9.0
-9.0
1.0
1.0
1.0
1.0
-17.0
-17.0
1.0
2.0
2.0
1.0
2.0
1.0
-7.0
-7.0
-7.0
-7.0
-7.0
-7.0
1.0
2.0
2.0
1.0
-7.0
-7.0
-7.0
-7.0
-15.0
1.0
1.0
2.0
-18.0
-18.0
5.0
-10.0
-10.0
-10.0
-10.0
1.0
5.0
1.0
2.0
4.0
-9.0
-9.0
-9.0
-9.0
2.0
5.0
2.0
-9.0
-9.0
-9.0
-9.0
1.0
1.0
-5.0
-5.0
-5.0
-5.0
3.0
2.0
1.0
1.0
2.0
-9.0
-9.0
-9.0
-9.0
-9.0
-9.0
-9.0
1.0
1.0
2.0
1.0
