3.016411972794942
-0.06136407802569277
1.949151859007623
3.770519575083278
-0.021668887465218
1.318851582784426
3.9417301692310844
6.02171285038408
3.0807363859417665
2.240782135547918
-0.4773958598699246
2.755897868283724
1.4646823673214084
2.7973784993696427
-0.11581214798795281
-0.7810657188378838
2.8217678422713233
2.141544671531098
4.97583238650777
4.103824660509339
-1.7463912349727797
-0.8905163253432808
-1.6027549601988855
1.5504518091824886
-3.089531475500218
0.536144687848894
6.00132439914526
3.11764280258973
1.517245980021417
4.094875853747722
1.7469090646704775
1.0292630613156921
3.8019804876772354
0.9540397519832131
0.07333335450612322
3.245514539906642
-1.9513676171737993
5.886886196435171
2.343924293085321
2.28803337988034
2.552496992321183
0.928776701519958
-0.23812899092067408
3.125002154083058
4.575436113821265
2.6360237411343936
0.3834835585612377
2.823088004201237
-0.9719479773982278
-0.8422843622971055
0.2716344857720481
0.5510983556490894
2.4279644177599153
3.6383931264415166
2.96209995842237
0.2083027096850394
0.9028026243492249
0.929149789012579
2.9570488026381345
0.9566826929838885
-0.2908665259402372
2.8919064193735133
2.8561456275831807
0.7942132556035342
-3.840253352387797
1.0924554743540278
5.023614267512976
3.781898311662993
3.2164144390077496
2.571439077932904
0.9621022608237657
1.4438192039724953
-0.03291799620916591
0.9526351556736263
-1.5595671768711765
0.3651014378161259
-0.36931177320970443
-0.7721502902174855
-0.7283741145872187
2.452797854463264
9.382871440024168
4.349903394008651
1.215850430996103
1.3782970454733576
3.4104955451072136
3.0714560571397973
10.173069415264148
3.983259971245699
5.555786843654194
15.585473048007568
1.1758752222809157
-1.3219699554964335
-0.15013174338921997
-1.4056334165166948
-0.9940343845612605
-0.5578204023018942
6.242699659395617
1.4385871550582041
4.932893781558219
-2.7800606289036924
1.5816907084151888
13.604492653451704
3.5161174395778323
1.660169215601851
-2.634653308640651
4.7130684786339305
-2.310104601494011
-0.7457463339779822
5.499384222032598
7.701807259983806
1.3162923725650948
1.963492149013674
2.6927968150964023
2.540810963890034
1.7818127273092077
0.7123613400138442
2.0377230105484925
-0.40108469155602156
6.0765694205868535
-1.3418814196109992
2.530901536645623
4.4684643592492765
3.037722001089888
3.2770355644629676
-1.9489603538888027
-1.1781904688913143
10.08815415934764
11.067997108228766
-2.073930579227566
4.280505267836687
1.8282156089209671
0.8672286523141834
0.2410997744315162
2.234678061409401
3.257077054921232
0.4467278748952288
2.409030632039177
0.883643435780588
3.01863633847578
1.3456725419432138
1.3023314824238903
3.008468254060861
-0.6153855386580824
2.296338874786069
5.914805084337309
3.090818492266867
2.97267794901651
8.665654219379121
0.9969246138358803
4.169809641221994
-1.9425637713135366
13.386254658973844
2.0657170205269573
-1.0961712580982175
2.3241558886372484
0.5980708937687282
0.7750107621862472
4.284282219320116
3.0341668209602632
-0.9505657058120642
2.126964582223188
-0.8746802077941709
2.8705991676565454
4.1010891334351225
4.04712641583793
2.3371290719896347
1.9474444877384907
3.6247310837740585
11.67476260497048
4.301595449367062
1.3318728206023325
-1.0641213680236232
2.933256704038228
4.173416704494718
2.5311659270946034
5.917606187639339
0.039660283349881365
1.2333368384164667
2.453365047907975
-0.1544651703677784
-0.932986414961593
5.846611249568081
0.5108109877403797
4.2751306615906195
4.062601981033165
4.31754343895402
2.2472223174017114
2.7409594268017266
3.868665913767462
12.635765391996484
-3.0435598977441702
0.7947193870580949
2.602147196491114
3.5605507342328533
2.5199376617654368
1.9501319476129206
2.123168797810423
-1.0266682782135652
-1.7012397294274937
2.327153678507649
3.5022242915539046
2.7922884414840814
2.9260172363900008
4.61974851164951
18.621465545589878
-0.7367417785186645
0.8653534521014383
2.0416038464186226
2.1146944343251484
5.503754302245413
-0.29356508437250217
5.40462744028838
5.3618715879663785
0.4039033923212916
3.2331149734475932
2.151183369843331
2.047700370754421
-0.798300561967769
1.5720770389635654
0.5131186918932398
3.3840117088807657
-2.1679819568061354
1.1969515867490097
0.14528178297804062
0.8612677888429261
1.4479866273388382
0.8883798541009376
2.0412991580033033
-2.43985710752563
6.002212062505023
1.9866691015406754
0.8327248061630237
2.14754488850286
2.0478914527131424
1.545658452179247
4.307593733390125
2.439612550637698
1.7513623237033085
-2.549453016598859
3.920958205387514
-1.695305109292624
5.31622140977233
2.6900752636301837
1.8647948964596142
4.215053002088427
1.7019764484876292
0.6743265064437529
1.7863249535247676
1.976902130264952
-1.4213269725255724
1.6873128035284168
1.388274957078727
1.9795921480349312
3.750895792899331
0.6961686482490066
2.2881714386643197
3.3952584719607524
2.684884825692912
2.2171596671341876
0.061718255748643314
3.8664860904411285
1.4968980591106837
-2.5347297920910945
2.630466913391591
0.35443595700960473
12.816550847733204
-0.5677971313185408
0.11667074635215813
1.9930328949383158
0.7908821621869755
6.312153146346289
5.08147073236589
2.7617550090972784
1.645362032941144
1.8125824946992852
5.314891451134465
-1.7993994135731965
1.2541958130979989
6.613021629490121
2.148949914097655
1.3594999876304663
4.455794906779472
1.3722239176392883
5.6419889631999816
1.4814944329975015
1.3795701396260962
2.0636351364948897
1.0317556943429642
5.373167545946408
1.180507669036813
5.118329093913705
1.3757586492544975
3.85050837207695
10.882559433283063
7.577280598750171
1.1545444837807446
3.02033762883217
9.182663314922195
3.325336605867186
1.5332598823713572
-0.8929215660173493
-1.367096744449948
4.140270161411193
0.9301163797251137
1.1763302750551552
-1.5662310731211402
5.683629724412779
4.3190589157193795
8.785668886899389
4.370522494105355
-0.642229222182787
2.8025016629360042
0.7992131280597594
1.427836958712836
-0.2373500716778829
1.024796809252603
3.0578192693385735
1.9592581228850718
0.5022776658240049
0.2845379284527172
5.662359029235155
1.5929073844734873
3.862255165437465
6.364953856653242
2.103075316138797
0.22111642574469625
3.5868262854438435
1.2844228250061314
2.565605537366136
-1.7268362841645877
4.8652635606648404
0.2460208975811622
-0.6855088434095193
4.444561562477042
2.5149926373605993
0.5544414463489211
2.9298921703221756
2.807870648134579
-1.1348223570096296
5.7210951561152354
0.9245149729984927
1.7871022468928015
1.4518234784523922
-0.14288532821321787
0.0020096967026890233
1.2146636512189128
7.307866336678412
8.13726989555797
3.7746420521952153
0.4309228448840823
0.8613013201993951
0.8340442896446376
0.8731234309052562
0.30734166934730234
3.125542868296993
4.1200442347642845
5.118297859010428
8.570208399162963
10.836048385779357
1.701065548956103
0.17795102108070981
0.6941065247988536
1.5216527944710274
1.087544042171686
3.518387820648825
-0.7409347803444075
1.3256524691001779
0.9675980186614594
3.333557440422095
0.8935832607192857
6.908323649894733
2.0631180766495936
6.325014621162352
4.018652105565424
-0.5496619499080282
3.44574808388724
3.500960399934876
3.7215848949095136
5.023377604493446
3.016136464718647
3.55606643073452
2.710236955570761
13.632780856985779
0.7843394103968564
-0.8176712584218699
3.305499885224231
1.5714401969389669
1.69188549869398
3.365461065662714
1.0393074807326106
2.1931753420206173
7.421231516973748
1.427129358945596
3.488739156568493
14.617742317252077
3.112235491700803
-0.2592134526504064
3.2090786673369696
1.7229987325092897
5.111432711466627
5.259270113344786
10.004454385469653
4.944436394268935
1.4156343580754
2.7950723530543424
3.412120389680062
3.115489944103394
3.7081626423487437
3.131227755490697
1.8502947209144984
6.579853596933203
2.0543570666367286
1.6778002293466192
0.551727157303679
2.3315604539980166
-2.885153391082799
0.08217256768629899
2.951271099933259
2.0798770588316087
2.6527461728493567
13.902465838725467
4.6611006986955
6.271262988846987
1.5299537391604048
-0.9158537417316688
2.1213480289141997
-0.5715889885600061
1.1550887511612296
1.4079213210192154
4.917441725147023
0.933034588815576
2.7549923943939234
1.286022327836443
1.8040107990862835
0.8646478284149204
7.109646308542592
0.10088999435283119
5.293718653054851
3.1272861656988127
1.0365389776475513
2.6032436969968207
3.8531844853114747
1.16711820768122
-0.3632608227377434
0.8178486474412041
0.20423350410785868
3.382036967990322
0.7656367867493195
-2.223060427959243
3.893177827911453
0.3373792748851212
-1.258091722231843
-2.1419209340988923
0.7005812739860304
1.148467781731226
-0.8881693977677465
2.290276652509987
5.975044517314922
3.313023641870593
2.840168839593733
2.4673048747919246
7.767634396084306
3.2556386136283715
13.81953340176352
9.225396899367285
4.441900337896935
-1.0616966981807472
2.0975987052127074
2.003496439434037
4.862729404966994
-1.998313875580021
3.9578270295931213
5.1516315667613135
5.990227807302377
-1.836472314590314
11.308865039394588
0.1266980861846978
0.8152818402582505
-0.7480380585801263
8.409421073148117
-0.587011277523471
-0.6813676535169164
1.0589231061189945
-0.7670651932668304
10.363554453448415
0.5284795781632765
2.4951855966120915
-1.446337773744154
-1.390492751104681
3.433336403600924
1.9620604975629297
5.359407693230388
2.3384277868822876
1.0934879237440343
2.267734914578039
-1.3607616718652138
2.9544259617692923
7.068575451944086
1.2734974028047819
1.1572251655064105
4.808245698238768
3.3991332834084265
3.027610309771322
-2.1252199759375614
-2.201084337930121
1.3565642379623613
-1.1019029420943889
11.107842661280797
2.2543001225714727
0.45634037085402235
2.3896196243646832
2.5221871802052513
5.162910657159746
1.5294946227496022
7.495444648451581
1.938938455015877
6.504790302437326
2.3667994852930696
1.6954359767405762
0.0445260072248288
4.147775090443718
4.524046420275751
3.350267406860528
1.801424271466151
1.5285780605651171
0.6806417310089268
-1.8893743864867558
1.8600169848304715
2.6477427812446805
3.1063029115040512
0.021059303702513965
1.2464528381495716
1.2206472427469348
4.136774231920282
0.7504381273854055
2.4133860554004136
-0.5536357675391879
1.3957416034163992
1.8382983645065771
-0.40454879375417163
4.451834619608423
3.759087032017544
-0.7330502856983925
3.168066011379777
14.660692660760594
2.063401182733413
4.8501461153564716
1.0401595377885497
13.012682488211855
15.601803146992188
4.200170270669157
4.813100625304621
2.2401169617045937
7.794436271630466
2.537865185346619
9.77217265571716
3.168145323400542
1.7464235288168883
0.10607078574082651
3.5367412267976004
0.5997316303636093
5.549131517656418
2.1910810437853714
1.7382021972498523
0.5073385191486581
1.2934397329436886
0.0017870018271892718
1.5369930244671313
3.1081069996631103
-0.8837481802431606
7.408002955233565
5.706802132338319
1.014996437233771
2.9586210102273145
3.3616782347852054
1.4766764454490564
2.496031896731519
1.185914529306301
9.168262893026847
15.03934382607057
1.648617394680396
7.215860846373555
1.741280260440381
6.295506963517514
-2.22024338131936
0.936368336932635
0.4494780377785914
3.1822332478643123
1.3294884241349523
13.23319207084176
10.497737573281503
13.408939564073718
6.600299478424191
1.3490577523967786
2.207538288886044
-0.5718144605680255
1.9188213442873605
5.121328676376422
2.4165719566730774
7.840539666213554
6.937846713779055
7.621852020667829
21.102249327894537
4.021810754516565
4.789848344869226
2.2143636068398873
-0.043087028209355394
3.142849478649913
3.4544419901868855
1.8362919395013242
11.362361636224858
9.842349457909759
0.4644797764703563
3.692979271177502
5.454994332965389
1.650456993005623
3.9973878412586252
-0.2403864635907924
2.6135760098378906
3.451480309862359
6.811705371763347
6.892854423066397
0.2927166287651677
5.1244916576441
0.3908295723217601
3.9809087601867716
8.316572939692735
10.187087761289485
3.38149925784652
16.83042838517022
5.5702283658026275
5.811753543646155
1.2385669731998523
1.6332127836880275
2.918058273803874
2.5514329905829274
2.5406934877727094
-2.4400929759085277
-0.08212997562002045
1.0715561279721526
4.695740424777275
8.127950298555387
9.710938348958063
7.425602442058119
4.498918659911588
2.2593018402318052
2.221956056726536
2.1378025525786675
1.750990266103728
3.795393831803694
11.258272055550869
2.9869321701961837
8.208432163570846
6.429075355703695
6.215699130531607
14.251682219747082
4.619585419985555
9.619735550360756
4.169134451651319
0.43522286167236857
-0.3247442571879706
5.476840146596239
0.7181391141387128
1.3773816303684723
-1.2234783924511463
1.2136883438822998
8.118223594082252
7.02238844161606
3.7066307032739587
4.992501894764301
-0.9837944608200075
-0.17521510928289263
6.556400471837553
1.6369084967913168
2.377163030542905
-0.0887200152465526
6.377640768752064
13.851710029949698
1.546502288636629
-0.10452144012707643
5.141127593827646
7.244122384614466
3.028603653157577
4.007614315992318
3.3779331849227896
18.1300997571306
6.353907541720173
1.8283351656026434
2.7160950152801466
2.939742651346246
-2.873671074631898
1.725291211695911
0.8158031230646543
-0.8126618589108761
1.0508061318670028
1.4548386179754538
10.245447702207743
5.715964575695659
3.15406020602603
1.613594135679906
2.366540400996686
1.3490119801752425
0.5546648497383122
-0.8595241185367619
2.5869118467890457
2.4750458469001364
0.28230814745981414
2.0915973623114166
2.0898829387238913
1.7143663178924793
1.2765623975295315
0.2436196356372704
2.0199289129268645
-3.9100967081325413
2.429400432296233
-2.030894913570245
1.413295470065002
1.1426071014677612
3.5400840654724943
2.2864501386697116
-0.9061956599394705
-0.0076690650899704504
2.9825166320091983
0.9399272471566085
-0.7302898991611064
2.832269399523189
0.09091086789661285
8.497250219073587
1.6102209537796701
1.8356064643034649
-0.8758872567286518
-1.5430196507671263
0.20509291909293448
-1.3577808730774215
3.020616745053629
2.499696199600945
4.439655249521925
4.986712926376174
7.697355688545798
3.8198856874695344
0.7124200898095105
1.7642089663675373
0.7725198647147216
4.277856515423025
1.2498261831804836
-3.1940579998283405
1.154380446288678
-1.4476497942574797
3.4587974755986073
2.7502742653721066
3.8385757273200944
3.1140999405860033
0.6467811422059402
2.409513716705458
1.1000430121315032
0.5131286360477549
4.187853571395739
0.3424047199583178
-0.2848392718359467
0.3484122195412238
0.6245132714766979
1.3297989359721745
2.3264195833749346
-1.922930036190627
-0.15580430121171207
2.2729250569357466
3.1315738014692043
6.350421852099118
1.1801703173962852
0.3659698291679805
6.460590415084681
-0.8381832137998657
3.209312408112136
1.2112088702711128
3.2191941130698316
3.070442109494907
13.847363996815005
18.345717459454566
2.542737521767701
5.598682818312351
-1.379744736938441
4.734907798368808
0.713476592701092
1.3539411728485005
-3.396004666490799
1.623862559484754
-1.0964739872357399
2.1060421584668183
-3.63968007906616
2.535199271504684
1.7428900341398303
1.4396758347873624
-1.579420092002471
2.4835279498022893
3.634453047297523
1.4534223596697575
1.9416798991581077
15.475642448032573
16.356427824867435
0.04475337016523362
1.0771915188077112
1.6198432145206825
3.1841490213323294
0.6559924457492239
3.089798995154063
2.292991083532658
2.3643564200256497
-0.0138444922607186
-1.7319963730662196
-1.6405150313641141
-3.5283154848259133
-0.856209193115975
-0.8970476407486712
-0.23472636992897677
1.5463342677902834
3.826211975102444
-0.8157572005834153
0.6253157809710548
1.1161449499284453
0.967664981211894
0.23887250219879652
2.282550704715284
14.302907240163467
5.377289759145201
-2.067079679311373
5.154894209374703
1.9397581424711459
1.4746692459524364
0.49351702689851207
0.9474350173681696
-0.3652007627045004
0.910651056226873
6.839471125998251
-2.3357200957324435
-0.016645869128324886
6.5573538419643995
10.065668696877452
3.8133026060943163
2.1215824133039463
4.506680042135004
1.2205363132214864
0.034128297350450865
0.2559624390707551
1.7228165324213107
1.0522498909327793
7.674606872185512
18.897492321936685
2.879860688091159
0.6203369270320209
3.812907991516343
2.473795497877538
-0.39091280253384375
1.4423122576568335
2.908395555758342
6.3116151952386526
2.048114112684825
-2.469189012576031
-1.7022489216839698
2.258537146519096
0.00437014882240061
4.803439264387243
-0.9131214404425023
-0.6312454498860403
1.3374630082931767
0.018865263295570145
0.3574426660940053
-0.4136258850296868
-2.7763948081066046
29.871452487772903
1.124719711070321
8.530685880838782
6.51714390226921
0.04293436093084124
-0.7385453496411283
-2.2925445244562455
0.8658954985799843
1.1990728385298823
2.469150084790796
1.3580040539835232
4.874300163739794
-0.5388332363947901
0.284733179197749
-2.0576539723590406
4.017351138405905
5.340836276272059
0.04782399100591839
3.864843148037447
24.05408219179304
2.0333673592100876
1.078496764181987
-1.4546535573798915
0.657469106667308
2.644971784656382
0.40302506444867325
3.5370491211959396
1.480034062843287
0.31883172000552285
-0.9578288852601309
4.53817595466327
0.4329295851537487
3.105174189420487
-1.8455846393767286
3.114428950442589
1.665771131114628
-1.5973649509315975
0.75724977971862
1.9530759743181703
1.1515556695626779
3.1023858156145137
3.676401162085627
0.44416025905167156
-1.4373707157330313
2.66296321615569
1.6169595063710458
1.7063814653633043
-0.7052145165642789
0.15116702921217584
4.668151818877572
-0.010173695801462879
0.2746048696769161
-1.3326054498810922
2.3348823279054898
4.264662604394207
2.0296811512364927
3.3658913014154663
1.6626997264869063
1.5787904606246546
5.702349161793382
0.6600495827169088
3.05350172534101
-0.6539527136576002
2.647500422454339
3.2582720686459146
-0.6367866591358047
-2.7799533736303332
2.7249943293883225
-1.9391060565813798
3.3117351159121657
2.9244840892959427
0.4157920477765553
0.8627057754446397
-0.8282101981779095
3.1239155322989856
0.5897666947773839
4.490057758852306
-0.4513240169566235
2.785552663641255
1.4287228788337685
0.6080567663525678
2.5850884532381384
2.248879105375476
2.478463474939618
2.4247902966523056
-0.5301417174267748
5.2055628262245754
-0.35921895081982647
2.692887831767653
-0.47932822791095875
1.0842498323559189
4.773738999459252
3.3601419891168725
2.9583459672832015
1.371030193043028
2.2019413076092356
1.8083067165041689
-0.9783260997936294
2.632913679564029
0.16470080305738577
-2.900639122046859
-0.298026557224339
3.07830416336454
0.6927087793315896
0.9570990592341484
2.9089324771424074
2.229947786390653
4.53875191916565
4.05789821529339
3.047722805420671
3.1969609211481025
-0.43462812480672386
0.70728482628306
0.8340174987574585
0.3174175873089886
0.8301037699335947
2.898529652759237
1.7355829895206487
3.6515275640297364
3.8815696166824103
2.2302434989972735
3.402821946023121
-0.6803871487839945
1.8981191991602728
1.3591377374933178
0.5726445335176293
-1.802034691846527
-1.4933874165247143
2.261105769346919
2.3676381997847447
3.2653044442760173
-1.8362867340031335
-0.12751172311802206
0.002976316666595036
4.046158130841842
1.203643794084167
2.7361671889478103
3.511097264058805
1.4034399202256433
-0.12724035065378292
1.890615490389524
1.2071392407624117
3.6664079434396513
-1.270904216704279
2.815530160099573
6.3930937689691705
-0.3334758618510336
-0.4937254716103636
-0.44774298892030884
3.055522908820106
0.42751299771568285
-0.5441952049188432
-1.215685792951889
0.093354965060638
-0.7369693619411319
1.0081456804714273
-2.622325262056251
3.3294110122999
4.2130056967808915
0.10328077067840291
3.00500097100021
-1.0661796363250895
2.6568419070232934
0.824061295369618
1.633555598137722
12.932716754286865
1.1680430867429434
-4.49751817666292
-6.5160143843611324
4.657733316104027
2.295814337118304
0.6690771084015636
6.535701645264289
2.633498445311137
2.1878115285874284
8.205090196462178
-2.207550175019583
3.85292183011806
0.9916610835537116
5.440173603493212
4.706066923493276
1.2379427894628805
0.8408456730089113
2.6566228847839906
3.681164783263456
0.24744231592531363
1.397065550150977
2.9305673206275493
0.05245704515588212
2.708911199482295
-2.277701662752539
-0.9900770893139201
0.07794040177666406
4.41847166802335
7.710265582879661
3.7597613841253743
-1.4283361761269096
7.971263269606535
2.799703373902065
0.8702553531332342
2.7124266871722114
3.9218834021781097
3.1011139715186733
5.183215224018051
-0.02748907738022388
2.0646282867755987
3.2419184912004795
-0.25241659544053974
-0.38770790352912643
4.652137136742699
2.405451857520406
0.32396150004424507
0.4895944920749833
0.0590121000515853
3.3913827332927555
7.748355619661414
0.004923626937178849
6.4871370594904585
6.35631063753604
4.1041148454086445
3.2949850913953336
2.947822925216736
3.186153082517996
-0.772789178755872
6.512520750857493
0.22615808893061184
-0.9080092673690057
1.0900682903609638
0.8649924243108382
-2.057983031910407
3.0601457656357454
-1.064975254190621
4.1466026552324005
-1.44281419650766
-0.44958562944749936
2.88870825670464
2.0380174081872986
5.652462986962797
1.090912318970526
1.1115982730906577
9.758916670224325
2.1768923869606587
5.204275429731842
1.1765358960662642
0.5205717171292721
4.277340745986222
2.269378345209465
4.282698652661004
8.983275421925136
0.7879486778550944
1.3261473912051167
3.3398652444374326
-0.1220846633744197
2.54658327983275
2.5782095459041354
3.2713174356719135
0.8329692207042174
5.897744400722444
4.343874672459544
6.485489085377533
-3.4179947813214904
3.5279889591689617
-1.67501821788975
3.5116871593455787
-0.8954328842190975
0.6762785928588049
-1.807994775489369
4.231182295849345
4.201828087170474
6.896922310783367
-2.3689411291990874
7.172843401570047
2.4613329193293807
1.470786763519772
0.03211007409623967
4.532522603240058
1.197345151420774
1.4949247048014511
1.7356141949431199
0.4431568938818673
-0.7848672331789333
1.8131714169221729
4.347705377483044
-0.45477128124946664
0.7462267448455671
-0.6881784797376591
2.2491720660656407
-0.26701757304451057
-0.9180482251946491
1.027267000381525
4.3335914114159255
2.5351054542183493
2.174162212761384
6.284132471618313
0.23207425958247452
1.4835155608011243
3.182034575475253
1.795623907427396
0.3102482736224277
2.4434691885410373
3.616408620903604
4.53874445456124
4.635653015384836
2.7431334959430913
0.691416800672966
0.41876432009742026
3.6753524331977108
1.4255919881310704
11.306118422915906
1.4448532661141438
4.951483578416665
0.729710433578387
9.895719761289238
8.465217793166024
-1.766718081565696
3.476733493911084
2.2280766020304075
1.4248411356654518
0.40085929750969096
-0.22193490664819926
0.5236974195346356
-1.9998792350158705
3.114874172435645
-0.9889959382107136
-1.7985893867274965
0.4580511002740355
2.3001928064042843
2.973716104826317
-0.17262390413131623
3.4327185263147113
1.1536431886852767
2.9599631040707273
1.478958310999288
4.790003943131614
8.517014026223771
7.788881759273941
3.451462704366265
1.732933127714512
3.313152571301293
1.4977550595039801
0.7084928726713906
3.2502256192122667
0.7063890053363169
1.750894742143454
9.379947833405119
1.0131224823731717
3.9561271846258035
-1.5363608806332518
9.392497112954045
2.8416809074375817
3.2842882863062024
2.5557249313977577
-3.7070644949559766
-0.9884945229488362
5.989996017994153
1.7536424720998232
0.20879321484104518
2.3161496573990763
0.7749559383880171
-1.023312679007577
8.331755179332388
-2.7493769875530756
1.3705936877934282
5.653397217769925
8.126869207530694
3.7514002591535265
5.044692430455793
17.776681006095608
1.5966593569569238
-1.0307558576652223
1.9981740748081613
4.509212727342968
0.29425613840160625
1.5679801083530955
1.81768810404176
-0.7586741187797497
0.19787889616458698
4.0604695636004475
0.6681988739200899
2.469271168757863
1.220376888883194
0.33122752679589285
2.7610455258314737
2.1484140072678723
2.1490944562400687
8.278135946567767
6.1323146879838415
-0.7498549721071881
2.8522318406518408
3.076437859705634
1.3585728976577904
-1.3913361094630954
5.198623514739184
2.4683799029226456
3.0479027825036678
1.4192532902112083
4.810752736241879
3.6342757401346253
24.02733434931737
5.112438801808867
3.0522529713225586
2.917828978969978
1.9561457822527224
-4.431094253357084
2.893330012410206
0.7283965401906043
2.7858949734296896
6.155170510256112
2.114274683311757
4.9806243837737085
4.949125660042332
4.37257493053305
4.412672621160597
10.819792363591878
9.907933292018974
2.1980894945747878
-0.23035530662016712
1.9100028665743531
-1.2067719229020986
7.697038762596116
9.148305330750542
6.909396450708557
1.1317517756046396
0.7666903819107591
-1.4302469729427514
-0.5553364157587033
14.185614190170844
8.586336145105387
3.570652699795404
3.9681408573834185
4.486560838420317
3.9787269720237184
1.9347938638495195
7.687296841974391
4.333116421990221
6.212837209942677
5.5875942267830006
2.0867228878563444
2.6825694913619964
4.907486651811346
2.2748822083981395
5.665219106251139
0.18910755060062256
6.724657120680366
2.087130090358801
2.2005433330184294
-0.1664616625116746
0.29467997688736913
4.449269511413175
-0.9811626701890119
0.27986014369163925
2.7738841958014753
2.4149281178731545
6.494414650282159
4.6036749791967315
1.3452815387782304
5.34042469101911
2.9760249377386643
-0.5462043349794434
6.877885518719251
1.5958246777406422
2.1086513110912355
3.622649972627203
1.7793358190701896
4.3400207101687585
4.376870596681595
1.6548415710802835
3.7784816180632177
1.2185966598385374
-1.4498816764841063
2.8000707279318218
1.850253834723551
1.7288861878502544
2.58754127035533
1.6179345466813355
1.1084096541663344
1.5808788130353715
2.477106006567974
1.4564973266220376
2.022559246081627
10.066894423247915
2.7670866499944293
0.22093080924571118
1.056332511866491
2.48293004302902
-0.41687518725605366
-1.7007421695358786
-0.27359244070604105
-0.6786434620642636
-0.19581648539298913
22.413644912410557
16.016516502208876
0.961732126309709
0.7413218448103853
4.744392133531442
-3.1412312071530937
7.552865589838788
0.9202507339804964
2.648129439055727
0.478554956757524
5.298042315634925
3.0978262975247888
0.9326031077173804
2.091844287618904
2.325050369002691
3.5944758836696
1.9727274462023892
22.86617414978879
13.267600755803551
5.4252338375525895
0.0663254909692843
0.9007492405451405
2.71581141429526
-0.6386791718278464
0.8285961303999267
9.57859374687706
-0.14262308609215069
3.761875654398426
6.772988888778751
7.610963032940139
4.199816249751528
2.1070892401713825
2.893927010855319
4.203090697614621
5.546789008542649
-1.133916639544483
4.490529102975049
11.603072814309703
27.90365034587368
5.978470413709224
1.6719006878717166
-0.9191471228966159
3.6921527626505655
-0.3478817102868865
2.676437061851252
-0.7855825492137343
1.7674152365816955
3.1746160875531153
0.05155662058960986
1.3273178597813586
-2.481737090809882
5.656234988585333
4.569230421756414
14.648993707631263
1.9152623159661855
4.919868352250268
-0.851861610041917
2.0899629535336723
1.6734203295211945
3.0920760287642803
1.0762297293373577
3.3008669911022066
1.1552174311967705
1.0284952413989596
5.111635209077264
0.31984422912857036
0.6488197652530348
-0.7074125595952669
3.208088793697569
2.7799825598442256
1.3504936809250834
0.48990654448213244
2.1863535261751936
-0.6035285415924256
2.549182901706704
-0.798689332315309
3.7839360405726365
4.010118273952317
4.5276955253122475
4.05518859223149
1.892458322348019
1.2304726454481774
3.2570851829731087
-0.965233035514484
2.3859232768787253
-2.751701989324566
2.9269330656052763
-5.664464305906866
-5.751086603312336
-7.482902987138387
-4.649992492643145
-7.235318811072
-9.024971798135939
-7.375545391114828
-7.6425184621423226
5.895911406177579
1.5333146511889766
-2.0193844765936446
3.250469247573089
2.2637665767963426
-5.599326979965837
-10.024513534583688
-4.817050284860441
-3.5149099308737455
-7.634646073950515
-6.41522659708525
-2.121104087716965
3.651731936915197
1.4734720664889205
3.016399302292468
-8.153013548219722
-8.183838948542023
-8.108577923932973
-8.437438620889305
-7.4309201456598
-5.712820172167538
1.3472552861828238
-5.682130890575678
-5.229061410868747
-7.541468532869402
-8.961785203309933
-7.2646301586164075
-4.9766119592177915
2.516404954541956
1.891113807501098
-6.730218478668885
-9.404382693221802
-7.08836192110121
-6.633822144378034
-7.828808949274544
-6.303844032370605
0.8599255602740319
-0.3723334706739012
4.4483033156174345
-7.523984596150212
-9.439389816429586
-7.535984764909076
-5.089524700927039
-8.876143783710425
-8.92399465302176
-6.996160505477502
-7.724854766064633
-7.8462131529695345
-4.067654784901194
3.2194551086330763
3.1392584712230533
2.3288286969187517
1.3013884463207714
3.287814487680807
0.18819120005124512
3.5717009091696097
-0.6221349527634947
8.780003891541634
0.6476149379450278
1.8329035174873127
2.9316288423825894
2.6687844978615574
0.5733557477622626
1.1672505432039515
0.03829600485613893
2.5890009667231038
1.1172576441681399
2.7809336467737804
2.3217444040852673
6.338304797509094
3.4096815191457646
1.124876315126474
1.0948592166147277
2.5619743839523963
1.2955674753843145
-0.4820144062552154
2.742315067815163
2.2115324432040975
-1.092746340884298
3.354952559455564
1.5306741443630585
1.5682811708054345
1.0550479476014631
3.954010725487774
1.1481184811960006
1.4129608479073816
5.119644368076437
3.79010636801737
3.782388339310047
5.415798025715583
4.998774500043703
-0.28392461336679187
1.609637596702477
0.7016519131403052
1.9249713714237517
-0.5269017179649989
3.2138168670737377
3.2890039872946906
3.2599272517138465
7.249441543059009
4.443888902037285
3.6517606161616625
2.3527051244041486
8.725070994311826
-1.2324655612867002
11.077741077759512
0.18070688347214015
-0.6037074785722569
0.522382161648723
2.2526491429668996
6.035527286108812
3.9405051576689507
6.268738380964516
-0.27992723217726057
4.384079937820841
3.6213992169109908
5.098836772720057
5.92404484557785
1.4319905233022074
0.28097689986745866
15.52326510602719
14.145964528712662
5.54095269699012
3.694743974012894
4.431047959537872
12.914884920779134
0.5944550929856041
2.463455357444374
0.8227550474142291
-0.9372542749367536
0.29566671980097436
14.935208048142803
5.030581578402006
5.642004793287813
-0.014335820951521194
11.631708465685902
2.0789571298176375
-0.7588001505099449
4.716973528518235
0.9467903836931557
-0.36263011659100286
4.656195082538231
-1.2641081256070004
1.423267345237843
1.9787584272272654
-2.0863169322074797
1.9079558977586852
-1.6665321559483959
1.9157672725816892
-0.06864202233106531
3.4976641631804104
0.5833784955521746
2.803650025347019
3.8863947002875676
4.46062289225987
0.66476121289137
2.6140896399674416
5.12908272817715
3.3842188152578876
3.6868091312856244
1.0851509386432117
4.929606162674912
-0.6471775844607677
1.9385816271645637
-0.6624633353250082
0.43987615224866206
0.6590673892731835
5.753064040198922
0.4662892228102362
2.195336930021634
1.0772223223095012
-0.26064334615798135
0.5287982879892152
-0.8007282898894454
1.1318889581325606
-1.2017084645482121
3.253587845269618
5.2372612707679025
4.2853208189379615
-0.3022873347379149
1.9640982573863492
1.4574866845175771
3.2385568609620625
0.9044117489431232
-1.206439804279849
2.019333576653761
-1.2779639375225929
1.815205067088591
1.3515787540945243
1.5720966616188266
-0.09412434566726335
2.3298808245866782
-1.3325666709609314
3.519846141434418
0.4462094590510437
-2.894064693007278
0.5818477865650256
2.703454989852606
0.38072365494648186
-1.9753023801680392
7.322857828610767
3.1185488760699336
1.7851256883831534
4.7420546449034555
5.968207285287856
0.46963940548012606
5.303612955076506
6.671276764356902
7.318074856560428
-0.7014015756513579
4.052663419676472
4.9420351770557405
0.23660402094564592
3.540885649017085
1.236960081394661
4.2730683965270115
2.072862081557295
0.4533148546530785
-1.7910259638101216
2.166044337479087
7.257334042066424
0.4701041817399636
3.3300546690456674
-2.071572598515709
3.4800781489007457
-0.9988117561408598
1.7563055045095672
0.6209509812105998
1.9665394247820012
-2.8417000978800306
-0.07019529633833965
1.5490287448242843
3.594457005700025
3.752589727263752
-1.5487354350085392
1.936734896141449
1.8271146250451529
-0.7538332358766022
3.8791771407066484
2.7351193196213845
0.9421871036393159
4.773160188502851
3.0271053314210388
1.7076786826002435
-0.9051845361872413
1.8700253847925994
1.6337895553373456
4.625943406174213
3.4873395447934574
1.7026526449939166
0.6645491484710697
3.2540565688383376
5.6782354589643065
1.1865714872454192
4.973128634460003
4.669958258399971
0.8912549471287217
1.2267961531943712
1.440955759047431
3.0891020652155583
1.1786486255551725
-0.726708436230828
1.18989443733502
1.4029244349470045
5.19572502648024
4.497553733930525
0.9879965657554999
2.4015745262503696
3.990543662290054
3.4810520769024578
-0.7246542648023377
7.119650069658897
0.8310637593641685
0.5826209648822096
1.1686639228875808
2.9673756576687653
4.767863621519905
5.006563632974546
4.265257773786162
4.6548918384073525
4.185695739404338
0.7856604889338512
0.5889934852611796
1.3469587826192475
0.28313425780514323
3.966660650975918
-0.7297875728650687
6.886763889945245
8.704524143750712
6.44246567484427
12.15196880381196
-0.7435828015860599
-2.0865684421515205
8.364512942215162
0.7420485442326865
1.7067093050334257
11.966038715506846
7.4652537087547435
2.9120290529150594
1.617696501183887
4.1181460928933955
4.822500110499067
3.3199784723488373
12.412492824917457
2.2809741414906575
3.9746980122912907
0.48555806115408195
3.4650570829885794
3.5155901357348007
1.7474363488552462
3.3660699989127894
3.682212704856127
4.9593022106990805
8.292607674739884
2.0486081314619886
5.6038767951720265
2.49668368311075
4.68827948868725
0.7983853912822945
3.927614683610208
0.6832224234861668
3.5752867699685025
2.2202725874407223
0.13014721526858763
0.08003113159589437
2.772364737429899
2.8026415786112935
5.5631384988119645
2.882995819435505
2.84851237384611
-0.3725687477932167
1.4185897280672521
1.0390251926071499
0.26450887594126615
0.6435859089082647
0.568723374063933
5.1746502556106515
0.19620899268751235
3.327770247526824
1.4254030204581565
3.2759912988498767
0.9641343186769096
-0.1428458777803927
2.972776775692237
0.649937908547995
5.441376983267007
4.650120195438044
0.2573325323267548
1.9543279626994339
1.2392027370458967
15.322429729777205
5.266599495520678
-0.2579824910054722
2.1563695640704146
3.3850454390134637
1.2294059016353314
10.202489656631352
7.6857357556987225
1.792756677952486
-0.5448115977958865
0.5959528659825772
2.2958503155693264
2.4701859521771654
4.163615079549341
1.3665546908968393
0.7173012380949222
2.7463319081443243
8.584483719781428
-0.5746217763842203
-0.7648150831383342
-0.03890663246058246
-0.877070807692202
2.4925169352841308
2.527087059878823
2.6823529375148594
-2.0496123397133026
-0.5656200655058945
0.9124664156620714
0.0987734839069403
-0.036383218981473675
4.3089845432039535
2.5009422627025035
-1.4060035367652877
1.5631132810857198
-1.296372921918067
5.001187105865544
-0.16399298015605557
3.12056905380149
6.086914569998109
1.1514039642037417
2.131027671628728
1.115334496807288
2.3438407763216436
5.227572547130157
3.0060817052916953
-0.08403971005170208
3.2496891158967465
-2.7529025881545133
3.19613846510719
5.368949439270865
-1.2107892569319403
0.522027415656287
2.610668323747125
3.8263859672379708
2.444227567007012
4.4570850633411885
7.16241569329802
2.3762762045883257
6.915642525848993
3.318376545647991
0.40427988991253794
2.523511601264199
0.4930347983440868
-2.1720171151562537
2.2178124460667403
1.4678056728668665
4.177515392301531
5.299515241888961
0.45101933119806303
14.21175340629975
3.9285351217857114
-2.65303744641964
-2.180848194955809
6.501237356282155
0.20829346512093072
0.5809053265482413
3.5087474735743225
4.599638476773933
-0.28932874887180016
1.2175842694775059
5.393137462491319
-1.413790283624327
6.67000166168776
4.6094619872580775
3.3638632978707808
2.5945906734558353
1.0072247273845703
0.0679281925270594
2.7865914329521257
6.287296462379265
3.9058167580685
1.635293105674188
4.410097296526394
1.2598473941640211
2.57214307578219
2.9369281963814786
1.3601029945231724
0.138481121981737
-1.4289910695364685
-0.5565281020647592
-1.0429261297178163
-0.5917754252078948
2.545879031979506
0.16385886279406536
1.5908035079365164
-1.7508898317611339
4.670648171452106
1.942654480020038
2.3260104159018287
0.48243490105070164
4.0722663512910025
4.590930440252544
9.986006450918469
2.4705049707501407
4.672338208103912
0.31827610804354234
3.3910857704233592
0.954521725467091
1.181488347002647
0.572392981020619
0.30058126486252945
3.8437309796630448
8.443847781719533
2.14937628274991
4.7482828294920685
2.517556618404325
1.6401184402431195
1.8567223629725467
3.086006601845695
22.726140744906793
4.592933057901145
3.9511835162213464
-0.45824670122467914
3.816092075189351
0.028820012025705388
7.039191578733854
1.5663787353869096
8.588981975255763
1.5174243894030262
1.8517169346666313
4.652339464166719
5.229707152505431
3.2938905044177917
2.5887957334886496
3.2093061214674226
12.072397488854211
0.7706921493106649
1.6556570451574577
2.3016709857262176
1.2970678356896832
0.07323999769453593
2.792369654610925
12.520612874572215
1.7123797912481344
10.34168329736635
4.789981930873339
1.9155139289674672
1.735235506875323
0.17278781465273707
2.752007545739346
1.4430488141001012
0.64506856218322
-2.6002938365943082
3.1744466926488624
3.9011946750485613
3.9392513912190372
1.5188991963464262
7.0326351697276825
1.1585369037208793
-0.7497461806329035
3.0973583493035575
1.228230225774295
1.9640120779111088
4.248825562950882
0.28492192299594055
1.6561472724961976
0.8966151941190719
2.2989232741147037
1.92280306118863
1.3212716480650981
1.460635868219074
2.967877625737181
1.7050926513627913
2.6706382976152545
1.0597662293762156
3.3311485309672952
2.3409435555195834
1.8513005677553274
-0.5357451303149752
2.165895278597268
4.169210063435104
1.513970914245486
0.5978852949469327
3.049375118015225
-1.2906144324051643
-1.6091088621980905
-1.7273217791938777
0.2867313031264902
-1.6104950327095935
0.08011284979126199
1.444094145668755
3.812204763707582
0.15279365205186557
3.017630471917835
1.1711192199523748
-1.7147324939974962
2.391343388139008
0.36058247395091114
-0.18091581086747932
-2.0981227963164164
0.5103303211449244
4.986404948050463
1.7982015832208336
1.481092999508103
3.143928529752973
2.1336744432947423
9.082932719074192
27.265630229068577
5.500965337853909
0.3436652464761798
1.8565851991851965
1.5271167371296392
1.493934054895074
1.5555774250184433
14.868400382207895
36.39541064855348
3.7982993979574973
1.0115551116291521
-2.6775434170123447
1.2328981001110062
-0.7956129302568273
2.432619228310577
-0.07643254994914406
2.461019529949181
5.401854866524883
1.5844031882840428
-3.5367022289846273
1.0083020568657053
4.18495003209201
5.690561650122905
3.8695927135781023
3.0444703559842043
2.033019377005128
2.564777617196289
0.7572603741840012
-0.023776053144106246
9.002160295054468
1.3165482899434364
4.956494626823584
-0.7958045037429811
0.9309658788937769
5.084600323759545
4.451767691904989
0.6921838301236667
4.670226398889929
13.045097842762452
0.6160441094764293
8.510260603477825
8.08055541287261
1.3482536778673584
3.1875141325150738
2.6431313280836113
0.00897883493508922
-0.4905954428953234
-0.6007199543242852
6.114010153315377
0.8113526837141227
0.4873681001427326
0.7561453737995232
6.888026881389399
8.065200127066946
-0.4521727792223438
-2.305166031441869
2.0449551399430677
0.9293764543313934
5.596355380235122
1.1530498536126923
-1.1409621120330098
7.033100425159541
2.5204492268726217
0.612174605080209
8.034909163448013
2.9314083959297426
-0.2952472935891528
0.6207241534333006
0.250633793989838
0.6678079866655555
0.08624025137072522
4.895264947476845
1.657638288583223
1.2622869511330816
4.690584126465055
4.313765554064828
3.969997972417043
2.327351990493759
-0.05032691899435737
2.0690569052454357
3.2354110345533518
-1.1904155770380682
2.3229772660487615
5.337917004392283
6.1846567923731435
3.2067733187319933
5.487001896624622
9.052732935014632
11.08826548837428
11.642994957564268
4.52656261755127
2.4257773316769997
-0.12382402154242911
1.6985528143333204
6.345871165735658
-0.38891342250310945
1.4216842989169487
3.5605508099798486
4.706413253342874
12.292804469657058
6.871106755495029
3.403827879337044
-1.395718746967603
0.25425951818971226
5.8373534736865595
0.9924909446422154
5.066124322939373
0.9649223767948123
0.46183739929264656
1.7110228787411204
4.012896430692743
4.7521368671215525
2.7538198923651707
1.9627886992201937
6.5859235970692875
6.025100654092608
2.3777040628417003
6.012984764938716
5.939032047613475
3.9306674213945416
3.5956041992528216
1.5930268175499798
0.9396498595093099
-0.8022214253276239
1.6565692606608882
1.409786483814479
4.776503969041823
2.5517773675702617
-0.7523439807332766
0.8443817799042797
0.48085927180067634
9.911861778467536
10.512855668786445
7.507278996882367
7.123475135143711
6.3623271499970215
0.463141278464301
4.150470029462027
2.9879475719385082
3.1529610863276654
0.7864714336047742
-0.18274546778941336
2.4118449114794096
0.13902922704911758
7.092404210581739
-0.026886504532713795
3.8738766420457846
0.8564058922447684
3.2508693051952298
0.9765713875558011
2.657152644431344
2.6163170565799136
0.9601027680849783
6.713235031520018
-0.7956757859840253
-0.7579267860286769
3.629909674087915
1.395500792017643
7.236723413920366
4.423652908898574
2.856806924489848
-0.13024293461497582
2.648144112580535
3.893825558235357
0.12857230837473166
2.0871958328671587
-0.5424330762085949
5.8728975611162175
5.661952670136904
0.12080043567140875
3.512965973821295
6.868243310138578
7.112510177070161
5.010338090555346
7.404986017364127
2.8805847650393037
12.394283756345548
10.06596989530495
4.617203888451233
0.5493505441420736
9.366117870430392
-2.4246679982045274
2.3999332798169917
3.924105593135283
7.963465317995672
11.325252260761236
1.2689285631956155
-0.6496677269364006
4.147022589051809
2.8336619570629633
2.792232958804222
2.9183902692149895
0.6688298347398167
0.8840551577573947
3.1547001352678192
3.6875184806378583
4.2436206794772975
0.9680366782269716
-1.3139448106609382
0.5217351845674925
6.147781366155685
3.6872099397691054
-0.8688822065662005
-0.888363265431884
3.653491135746664
-0.3386038493310164
-0.7108477973135581
-0.4258967649440255
0.17499728366481637
2.268296381499491
0.9508021132144775
4.220791793108445
1.744013660934698
6.794293250128565
1.8914564084170213
-0.15539473524161118
-0.34200049627096685
0.4173214520079609
1.995897603656988
3.209347251603374
2.014698724433598
3.0207630729993227
1.9285020996395683
-2.4969603260732662
1.6951697154619458
1.7553060974169068
4.610257447977736
2.8075256449366126
-0.19016577149596836
2.3508262599232026
2.2223007565934494
1.0220676502221158
2.265902586476835
0.49104286176329603
6.702710066939131
3.0856206612189387
0.030602959492573856
5.328409480630049
9.086737215507387
1.8827417290709283
-1.1248286178269251
1.9060600543312418
3.212792621681556
4.09261544070053
2.7568691295343983
1.942464945259177
0.8741888316786905
2.1733125245656746
2.2441324001147294
3.0076638072806308
0.13107728322951195
5.159713184805575
2.827195827061894
1.459251626638612
11.530409526121788
0.7941577321057629
0.8869624802612095
0.7960147253425176
5.332043914537948
4.07246344154137
5.805276189264138
1.0158461531978107
1.0098676848682013
5.716347621035327
13.948535517939225
4.4073961918870195
8.133809955546486
0.8148728061419441
3.3538247923695286
0.24948117761198718
1.2362368266615733
4.423753185518901
3.480256059035658
-0.6765376649512267
0.45302415342366165
-0.28030912314501677
4.035267260864848
-3.442607681377866
11.203693481311268
2.3680740335311983
2.548974312697175
-1.032680882991861
-0.10036280745372772
5.920769515623112
2.429491375519925
7.062967259766926
0.9528769488164228
-1.1223056567378538
1.2410505513895078
3.719914738453839
-2.1135622575469224
-0.18155867662058012
0.3697116196362058
-2.715204438576923
2.8611368167145628
0.3224796388119491
2.5890039981692814
-1.5659948684686715
1.7420271519228119
5.08094543670346
3.503581021866537
-0.8620746963378023
2.3245975423162335
3.5134213715399136
6.192512104122265
3.016714250509815
3.329808088932689
0.4966931537290087
-1.5436032393276828
-0.528521043312437
2.251301848191279
-0.6225279241929227
1.238077728175483
4.210532888679565
3.3764238432698037
1.0873067680383406
1.1875568022849783
3.471921557467967
-0.503963141752999
4.1426747395098955
0.39670437448101525
2.240190229286193
4.249100403285059
1.9487383577260307
2.2500653368732424
2.963226412798088
6.438748382035613
10.62276316186337
5.160366402751894
0.9735867136378973
1.9537390638473764
0.5497597991176824
3.6170052143696303
-1.3492094049204462
1.9482944589342877
-0.5628931783263036
0.7362378276049657
2.1458811326125913
6.86160466489196
0.4690275036519105
5.23768630617452
0.5413867527675249
2.7765671597192796
5.604517333662409
-1.3061668667704343
0.33124535745544104
-1.3413538266119922
2.08613869236585
1.7492662597962831
-0.32846816379275245
-1.4127312455279377
-1.7930799909687818
-1.7003793609621314
2.9537165051193957
5.432770135713583
12.392836892586818
6.250966787671608
6.335831722734372
5.31948333538689
7.474437986227939
13.616694005017408
4.306412496294718
5.242407601308035
9.41378473691251
7.487617947432723
8.8404503338153
1.0030946445564912
1.4328794179496127
4.1655995538247055
1.6013211949150412
6.341738072433822
9.364260497383233
6.819656347059816
6.585036605411826
8.578371543430023
10.912962677151448
-0.5647717199501032
-0.909414848656696
-1.176527733633388
3.763193955616911
8.764922960999554
7.00100818221726
14.501966901325584
7.210791843998973
4.357623369397778
0.16907433457086163
1.0114235907624436
0.40320750090293966
1.3659518192174893
0.7025053774279388
3.5599574152138356
4.042774542051311
1.5117568837173792
-0.4302916352215427
3.2059061230407884
-1.5710482128320749
2.3487154836819313
-1.2994944425636468
-0.686414284289514
0.27299152751904576
3.0689278401871745
-0.9887178610891063
3.991454525551618
2.2291050893335886
2.7301350581006827
2.776303296284582
0.8330333954995484
4.305558631739721
3.2978897261571762
1.1051831736492066
0.7428308793793699
0.402674665903737
-0.3544158455588484
3.6918577088157534
1.1922547576582705
2.5522784162198677
-1.1457296753558894
-0.7186029467597435
1.7494208097947694
2.938747634449494
2.3788718236238333
-0.506536636468055
0.46236814265254367
0.3303905702029575
1.787318395924547
1.0112239506291119
-1.1982648064636623
-0.44372781731878885
-0.9249116840942766
1.297153257090322
0.45236963722984425
1.98343227134122
-0.5069677473459957
0.4193129935068196
2.1378537156878297
7.136599095638146
-0.6075823049461997
0.3011924169543345
0.09127834068146834
1.941801393321464
2.3935180071093756
-0.012916443050017712
-1.210168355732507
3.119160549220811
0.8197269055811773
1.9032349027632802
-0.8532785437889816
3.6097660799651425
1.2838416367337673
5.585739556169013
5.402434913910361
3.0282249176803235
-1.5886749856248232
8.095494699524169
4.818519446258744
-0.24855797208399477
-0.5652958941403519
1.4084139691540607
1.282018409336964
-1.9739674992467822
3.4449529856504855
4.710331215535237
-0.041779825384165026
-1.3196713879556186
4.107617987446189
5.05474085916305
-0.06696991461872703
-4.416689262915731
-2.6764578306831295
1.4407182511748005
-1.39149176529945
-0.8838833403451685
1.333232170146866
11.887964787758314
-1.3848014045596175
3.3772511235939024
-1.5832038599924494
1.9943428129587002
5.163975023937955
2.717834524683785
2.9829726398859195
0.39601077089530135
-0.3763839853326334
15.811986619488147
1.6599958318006405
5.708833283154387
3.025409714914791
0.7884667861081527
3.2144425531474488
1.5452067300193824
0.8843570030593031
0.9499539277427356
3.218735064378924
3.817204587919975
-2.29635562132726
3.230850399225808
0.3989992462522445
0.8929123150703773
3.9428983215120015
-0.8033856202907648
3.3263298964022434
-3.2496158402009248
3.056190313269146
1.0035809249580572
1.5634437928275573
1.8779830649968858
4.360400515716232
2.2726149544048146
0.6691287062152038
2.726896704005211
1.8114766706093575
1.4066564256402045
2.5462972022158423
1.8428588144693996
2.332043843900432
2.590536166815987
2.4114790492647034
3.9164314179850708
4.520504285726423
1.3191858638150178
0.9060508842892752
4.608612455071861
1.7674127750568709
0.05999910742817627
-1.3384766595130884
-1.1277270156794106
0.8361901512685426
2.2914112935204023
1.285331232917164
3.7908651520597836
5.009948033363232
0.020444518755237784
0.43628750365945423
1.1404386487268228
6.394268347353649
4.914671525020768
2.5676963159731057
1.9719234140479927
-0.4838276555385601
2.0835423811790963
3.9010179668905094
2.8346966094844817
-0.22538018942521676
3.542490874238191
0.4626307959056981
2.8714699460993445
2.3377571884325183
2.085463625616317
5.39063354476255
9.715850827855244
7.841620901951576
8.192185599794628
5.091088841105499
5.648163076934063
5.128746711362413
2.237453840222076
1.162828850413619
2.040588894038378
-0.5243260504757994
2.2935528031763956
3.1427259981894027
0.9042765131529873
1.5210806465876396
2.420529005303904
0.9845909665709169
3.602505742530991
-0.24218744711174667
4.406705717682298
0.029975775929862447
0.3687255550763502
1.0126191367060038
1.4131544980600383
-0.8123904752260833
0.7007480800459429
1.9442518988108397
0.7325177373140093
5.510572261547968
5.497119115073113
-0.3649386574458908
2.9491660569800104
-1.4998408955249667
7.7521381451629825
0.821773819723914
1.7721994209789265
2.9210849694608165
4.753477829876899
-0.6281456668722514
-1.4741494769530965
2.183263231702149
5.106201545381383
-0.17903287114226996
2.4124447032516914
0.41224704577141535
2.9764123572524177
2.2952754713436314
2.278764877942976
1.0154355964624953
1.2968561370784177
1.5897499305158656
2.9330377149466598
3.4788797941079626
0.5714247866839142
2.4875111047153826
1.0588953779080927
2.9937477520084617
3.151177614633527
2.1319721557731635
2.0514018686109123
1.1735026635721202
-0.7652114677653901
1.6250933530818126
5.005017819772702
0.8055447444211319
1.8054300420277836
-2.4591220279537724
-2.284768847671162
0.7715769681602072
1.226221677466834
2.415440922044228
3.2902040326339304
2.505112389866576
-1.5604082866527629
6.871139694067034
-0.7043190656644727
-0.5976307134639052
3.5088033278052473
6.8036238439371965
5.452251375563308
-0.5446364862801707
1.201890889004762
3.5392360366690365
-0.5228390078404703
2.3616741229751232
0.7697767168218863
1.4814224506317166
1.2979558838217047
5.784697516766761
6.898813745956014
1.4187721503444046
5.241874691142719
-0.5925982955031739
1.5099862436484883
5.8682094816095995
1.9711983583988542
3.6527425262096855
3.100263141506937
-1.6624426417905318
1.467725787985961
2.7942689360466253
-0.18909689050772416
-1.569138179101247
-6.170324109562167
3.9318851113016438
0.816926532680949
1.4021428331646335
0.3234924252569782
4.651300955513534
4.404445925360558
3.5804124833476516
3.084947337983004
0.5697732496771752
4.197448428071225
-2.5426373964454516
-2.9604204265300824
-2.1213133663005626
-3.1723253822252824
-0.4395289650063612
1.721875936961866
-1.789111593603771
0.8940492338768808
-0.6229145930427986
0.9433452139687584
0.9547662896172329
1.9044529940036279
2.731292231619535
-1.2761071200834897
3.756903968902571
3.595746669106931
6.423757054288485
1.9838531092297895
0.6931879228623616
0.41766653628810135
0.6139404103983006
1.9761232968042144
2.1392872838976382
-3.8797676421145346
2.377706369654594
-2.9410379864184995
1.1794689372888958
-0.31010993220866334
4.237918397919531
0.481882918564716
2.459493147585124
0.17970161709151578
-0.8122729332550849
4.750170979481755
4.170367593404208
3.953504590888795
8.69720599579187
-1.8254422451235561
0.6877499987145066
1.1347258794041146
2.9159210378143468
-0.560502520614927
0.8020564502335612
0.7266435529791309
2.0742525287200557
2.2780496359743987
2.276418567004577
4.894683364599058
2.581561040143815
2.932842730111192
0.5652831889701411
6.3162717020851495
2.5461082964329567
3.838372641860067
3.5835088718030583
4.146986756490453
-1.6369268223566793
2.221640396596518
5.786302463798828
-1.0718844867767685
1.9356427277147104
0.6183826681869273
0.9131201604871806
5.593119935106683
0.917450733869372
1.3695964020197817
10.243185635592523
3.752878463981376
0.13138515514824434
-0.8534066177806152
2.2699608693056192
0.2723718839977598
-3.4802699967355046
1.8014124365849553
1.2850038376637762
0.16598349063443485
-1.1879415153193105
-0.1304247251811652
2.4753755921626936
-0.5586267182276612
-0.4739301114580463
-1.0636351425703217
-0.8792830814558366
3.7589869933975733
7.531144199741085
0.998006464436463
1.9339872358251253
0.9683664578899527
2.7184444220888717
0.6663998846056556
3.212586537928896
3.9930548257066794
1.9184117568400123
2.835824078362066
0.4968659824400894
0.5481350991055003
0.31722879306449436
2.2784671999861423
4.375099083169618
1.3905564423176704
1.0944794873262735
3.6996540428665745
2.8156344592988964
7.095910587530565
0.28340202285854255
1.1673195489201227
3.2757529681278252
1.3051737854014656
-0.9738402725587718
1.2617537395220266
1.0036216545731664
1.584552742970108
-5.7024629757329
-1.5880268959795936
-7.164070581558336
-4.870427652251857
-7.794466141150529
3.111824293410362
2.349913827849175
3.3534566503607706
3.8210456753502164
2.9690076018699174
-5.499409553575662
-5.45669897175398
-3.369843696642273
-2.98421383765252
0.2312629825280692
0.46130947008017653
-5.30216601195073
-5.98619531310384
-8.190243786680982
2.1526473590054245
0.4517672452419097
2.1619102643985526
4.108401024173701
1.278341032684368
-5.616253032061597
-4.44603502952765
-3.0739526963016064
-2.1685153929890038
-1.17050510298445
3.180607815267795
0.5260293337079922
1.0482722818315338
2.8090004889639006
2.9896629207032275
0.4212852724006033
-0.46403753235263134
-0.0005571699881607994
-0.707096427347522
3.398888126806275
-0.8009429610229322
1.2864792178468907
1.5298400062714013
0.2098509856890356
2.718699051144768
5.25425873617758
3.3497275019281743
0.3343992642176594
-0.24011790992388837
1.1685754150363163
2.1292363555695193
-2.9412246521551966
2.924400954734952
4.685622914941636
2.805514053270402
3.059631119350308
3.6086726103304576
2.8908654615861273
2.894636161012278
1.3609130213707512
3.656221140427598
1.0754988518178887
-0.39958669853586026
-0.6417786700493435
4.605223565264293
4.459710047469627
3.173381259788421
5.104289605226546
3.2978212153329216
3.8810884807449746
1.2298317007236386
-0.16886163404912424
4.295899744817655
4.362372877682666
1.714682270427302
1.866031091995361
2.641521199873246
2.5047905687738403
0.4812220753618657
0.37221806044336003
2.346593953525449
2.111658058329988
2.308734439315535
0.9433371973226006
1.438208060103243
1.1409912892535325
-1.9354252141964206
1.7301286197433443
0.8994796925582325
3.1989671374917883
3.0593356974536263
6.059114340246641
0.7475898483001049
3.4790138736465925
0.6422411001677961
1.4708862805610592
3.224389826379353
3.131145559893156
5.913005969940124
-1.2280288609473904
0.1568137632818145
0.6337034695487227
1.1408068376360216
-1.0980032059840141
4.664449059609786
0.4179646075964889
-0.7593315080260858
0.7846860963145659
3.8323058901152773
5.928056079771342
4.0052786856861164
0.71843496542497
-1.06924791532035
2.080258402631861
2.220275032716536
-2.6366701385545115
2.0446725518180715
4.042774709519551
1.4987217501145538
-2.931859736534924
1.936639459098252
-0.1780320303928855
1.9833870694077134
15.877606956190379
0.7513034503084006
0.5330441436211399
14.319866063290343
-0.2504351604681001
-1.1320651630313132
1.9265380373249616
5.072778136292936
13.106052090414666
6.8463299984462145
-1.7396383858923097
-1.2786727605090746
0.015104344608330988
3.7145362095258374
-0.33978215680999857
5.32743666036083
0.3176411733459117
1.473941469452958
1.77884125454346
4.370312750112241
1.9667542693721225
1.9046293991272758
-1.194232585520944
0.5850956037133244
2.0484017981977933
2.795467915110282
2.682678963078466
-1.1885086443298565
2.593871824419204
0.6181560025833355
4.384289609320801
2.039349776805694
-0.6208326885307895
1.4229130615190506
-0.6085058128715224
4.519939860196892
8.066914444134532
7.8102017088017
3.613764344055463
0.4479893550691392
1.6656763102076815
2.9426106239255088
2.0387895592479293
2.2903969361092704
0.11610096512611956
-1.2602300158176076
0.6302972649207292
-0.5922995000069999
-0.6489552840237047
2.7535449094161386
-1.206034737168862
-0.002316439971130624
0.2258059032269626
-0.13943905044193117
-1.2417443654918794
4.161507759419451
-0.06092797455692445
0.8715098978726485
0.3747666601687112
-0.9890559607005818
2.884978600313577
1.82097606826067
3.1399640893912393
0.0891459627164628
-0.29009873557680965
0.4757477848122207
2.310226192606338
2.9170781036877766
3.3821928910299794
1.409490147507254
2.542795643359524
-0.8716540985848649
2.9788892388794164
3.0255137805689865
1.1395548900183345
2.0191483272069046
-3.2478482309324024
-0.713624701402366
3.4512910529568797
3.3757298380357925
2.2783824529373167
0.2839468995906935
1.7689137893031315
2.999566589904179
2.3039228529006213
1.6818005067376023
0.06909742118848183
-0.11894473756973367
2.7022373426547084
3.5803016574770243
-1.2814240090974622
1.2609188585667683
-0.03603597487716059
2.198570538905016
1.1686963960621986
3.5028449855491877
1.4539932311098276
5.512487418733036
2.946894508356279
2.2955554302255203
1.8222386803102546
2.323800766700303
0.30643089900163867
-0.907689360992028
1.7677692319884473
1.794887291863537
-2.4120212000979095
1.6665850550806995
4.407444117503846
3.268883462072668
3.00325425559456
0.005847076615334235
2.965970603637109
3.5299478677780103
2.6802246209357756
4.277549733182216
2.181551872957324
2.076362204418455
2.3101395581927875
0.7730693341156738
4.0783344764784335
2.500170891058893
0.630578138935806
-0.7555640429337467
1.7944691888982434
1.6984128250756758
-0.1804078130817559
-0.5755837471309253
-1.9126625118743055
1.1877350984239288
-1.2006533214230357
0.1585058614628847
-1.7684550989768446
3.8411999770343606
-0.24303016600053917
3.4861537312037587
2.5761119425014876
2.449085937162063
-1.9369529395480258
-2.214225385119506
1.3243701076042165
0.9091485708393048
2.0182840973426486
2.5873494557935497
0.6686367620766422
2.9155674158728555
2.66209313119041
2.4841838116415635
1.5820575762115463
0.9608529732611941
6.7436185363550205
-0.23043731754616248
2.824482990196027
-0.48574134687202974
0.5716177494731942
1.8398173129707571
7.889795784952073
3.2804939841071112
1.0046591751507605
4.084381798394484
-0.4456271140471251
2.760989050537101
8.37946712042717
4.562958349304333
0.909403682662508
2.702078872989129
2.1517220813345643
0.8522372887929466
0.956848142362424
0.731215792605713
3.2021702017337614
4.18996019291219
2.3091311496555673
-0.3890722801781048
2.39851034595873
4.659980637692924
3.700924773370482
1.2147392763138507
1.8729857193902206
2.5887472188471525
1.9902200381586572
4.928686981201999
-2.563692677693018
2.7548638158432395
1.9557738019688895
-0.21843767167826056
2.9853417657818273
2.895128930496284
-0.31357717244104166
-0.09111474682344967
1.2783585775136812
1.488580303726542
-0.8078094967044569
1.1339282460688433
1.9497526357589354
1.904943209069476
0.7139608582017467
1.3906578285563556
3.890152044904214
6.808877506997411
-1.1997430254493826
0.933266450665001
-0.3907836916696359
-1.399746609215771
0.12584169085624697
3.198289616099145
2.3230054514014746
0.005106891271350111
0.3739490283463882
1.2838569420183479
1.8674974890264349
-1.0115370493161309
5.139101283131427
1.9806083969293122
-0.9087580080484778
-1.5124568126204114
2.378914992954023
2.1967663713596877
0.4246211322527196
-1.7035408289393574
0.11654497972115285
-3.853327297674187
-0.12775699543602093
2.9478428358654547
2.9943090668896737
-0.843704230678872
2.601381139746316
1.9815784670554837
4.481782728794301
0.9921708259522264
4.091833282868679
-0.4899986954011011
6.090202057896835
-2.393956838122673
2.831887477109641
4.1289930136374755
4.783209405790358
1.5853358220267757
-0.03776355484502325
-0.36019731163213997
-1.4525260468041163
1.672673129633083
0.5150957784061945
2.7425805146008333
2.9497640376782197
1.23416811504523
1.9135292817668945
3.4288359369237122
0.8266845022328455
2.089065052105421
0.07544434122865962
2.2611579727066395
3.770600214967656
8.288018262945641
-0.665901479097879
2.671223215010231
1.531640002985334
3.5204993577667776
6.683027354805174
1.9352527222701685
0.9264334223539141
0.5773307226211744
5.396249946980186
2.6050875939025895
-0.37790421204602587
-1.1788429263601774
7.296924688200318
1.3088949243926773
3.690377320307809
2.788611558217972
-0.029554728389454832
0.870452154681798
-0.3551609369432538
3.063913147948682
2.6534272607069838
-0.834281601307012
1.9169011120745882
2.139946059045374
5.088681812843601
-0.3562430586421148
4.396825637986411
2.0435202289413343
2.7163750361978423
2.2954598544083424
7.951004799719341
0.6093558935389014
-0.377505753285287
4.9201925206898975
0.1903564032665288
-0.19601158963792797
8.02631171826936
4.895655658387408
1.4355338619462383
1.1528288829805435
4.284792567774719
2.6799914808561285
3.996830242384051
11.051748202456869
8.253406088327933
4.323762404207967
4.244073346549811
7.048317615519733
2.812315778214548
0.7603597517835494
-0.010960641275119754
2.755062592914336
10.201804450454393
-0.455793697978216
1.1515994815254569
3.3561545699009554
17.122135336503955
13.561299784227236
3.3991817919767002
4.634153230383218
5.865264365784558
6.244375184958632
9.381264119057949
5.083953832919877
2.8429098191866062
4.066011146818647
1.8915520081945725
4.208648884329298
5.739595843207439
1.938019665773687
-0.7288229968739042
1.2897832784958163
2.968529194456174
20.915897680798356
5.415570434795036
4.946560069807026
6.184517041547426
4.4433633786237685
3.3405158195921874
2.468022098610244
4.37341226920099
-0.1205197158241067
5.274321799865493
3.608116922555813
0.2747512045873397
3.5477227402019853
11.468039896120441
7.046929954506897
5.322246023154839
4.703172471704763
4.118874731508386
-0.6561562581533218
5.312222811601275
4.213411519711595
20.957274616377866
5.585907742505755
7.055511269789525
4.425102519562689
4.149320962680102
0.4225519235219559
0.4797106878719135
4.742328470327278
-0.13591072699997064
-1.6856356713593692
3.932936196974567
2.0959095228959157
10.83139795006
4.60334366875634
3.8671160104185685
3.690130959564054
3.140288862876126
3.7351329734708147
4.495114370445718
4.6036436482130485
3.3595366449888475
10.70873306471043
0.7042741849479639
7.1346274634083375
2.2257121287833286
1.957192461219805
20.65709423265831
5.72809228547534
5.319080007472102
6.70228481318296
5.747920277325587
0.8375729187198473
1.6364776472543727
-0.33528860762377466
-1.1328049802658897
0.41245109379840295
6.26202457369404
3.3177463171853
2.1982662260187147
9.557674191007127
2.7880482120913785
1.652279924587942
2.373204198724875
9.987225402832603
0.5244010747962478
4.467516385280153
6.073837069536773
7.4703108518183114
4.1131224592875695
6.142737466456979
0.6480246614717511
0.7748788310964647
8.204920225059528
1.8877461341980473
0.2101697841920056
8.025235119340893
0.4126378225755831
1.4841591173221291
3.6697247130786135
3.741353272514792
5.722600886287458
6.758840375147192
1.3457389349796658
4.065698363712414
8.495448574274528
8.20047732242003
4.0088587617455085
3.7511823376890425
3.980705594956837
2.9731684730187298
2.9504669478725
1.8660514880766883
3.5887429349734905
0.07649740689109708
2.478249833967049
2.6320321381402616
4.676104077143966
5.594630633946
1.4291703740862132
5.680677916114766
4.548757496543934
6.493214085749874
4.108050609333061
2.098780344712432
1.8185817485681899
4.220804471875799
-0.8231659857473574
-1.247951973913931
2.7060155403894477
1.7378381598196213
-2.060359331690006
1.8425772091556605
2.66102434755307
10.612545927667565
2.589101396406612
0.04182402574515964
0.904580477428953
4.736308249871625
2.4422357415485356
3.2632786118007573
2.4048760969458383
1.5549808069221587
-0.4903851775918975
-0.24228334563782838
0.14265202250024323
2.5886968710511162
13.515590917190638
4.347173850456189
0.9343302736847852
0.6385954755732577
5.7296825207746735
-1.7652724413369367
3.6664580760529653
3.553639433637975
2.5323989965305547
3.1366021113870817
0.9851447654509504
5.6298189002663
19.40383842359286
0.4560145353797651
3.9148387767747495
3.0071990501407475
4.049524800856128
0.8848398457864308
2.3186147213310386
6.133764989543865
1.692236614110753
7.537906861091673
0.13360538680478107
1.735496380462709
3.0819278386484203
1.5721609770479419
-1.5769477233681872
2.721542284136934
3.0508305040498342
5.7198660874694145
2.33167361792605
4.702209666350547
1.694659077445591
35.7074464382686
6.966929856623809
7.514303264130831
7.862810169220496
4.438077086187581
4.772115639943876
8.264007505120054
2.1371399107984104
-0.18472099925330543
2.1177495108387228
0.4738476492924355
0.6676931580450034
1.037792914782258
-0.8528347520551123
6.052759161631212
12.872998244485096
4.2630084998201765
5.512967132709555
5.674168477809273
5.933421440106866
1.3011616932394232
-0.5255246258070634
24.677870241263285
7.591447502656612
6.523094510323917
5.412557673904822
0.16110345148565286
0.30993419664575605
-0.6722305824668491
8.811406392083637
2.7476727120166444
2.2414339444308684
1.2094138427794636
27.46811900779975
8.186994264327964
8.508507619581016
4.72502330847346
8.810506184077159
6.195572784745553
0.4811212101558293
3.097109102605435
4.090509580817221
0.9738551041488808
9.700631970289145
3.513300510939567
5.896348628253609
3.8118315565346537
6.136440317766773
2.9153928035265646
4.247983862441263
7.611121896255353
3.011746131175471
33.39530165706849
5.382147831274754
5.115040446434762
4.556605324350965
6.349855841709724
3.5175489179584574
2.1415644379981034
2.3887282489886132
11.874928838151552
4.1197349871064946
5.996346572342274
8.384899174460571
2.0837280916778775
6.548290082269286
3.9188014736937538
2.326153170277518
7.122222041177993
0.6748250918077894
4.38147375524346
7.497032274460723
6.73948984584058
6.605540058061352
-0.9299688592283186
3.0281884500247878
5.4790083717422196
1.7182762165964272
4.376117946512869
2.250269366098929
0.4009224784044718
1.847970086474164
6.940515749203756
5.866980482999338
5.719474931216134
7.250203626497037
3.8590688931775237
-0.08271073165722975
2.619640288935249
0.7806239491470239
1.7491428147443526
0.42908600041047995
4.377593826665084
8.024197345818024
3.5493114165081385
4.410906411007435
5.4209651728273425
4.835600577334171
3.726925567480616
5.52672480182955
0.7509552467009868
1.5363734439905834
2.2087090432952197
4.336356940003526
2.9874297418718117
5.930462522452087
6.886977815331865
0.578319445077424
6.9455100863274915
0.8347423350404881
11.502582284148069
0.3495400047783275
1.3064530131069572
-1.0730700437380183
2.5324809025159096
5.095051413383092
4.666529233867171
0.47189189975730383
3.0938925417168175
6.247140223517876
5.997335971664794
6.0253276982159685
3.4132092151451987
7.885699257827081
1.422222521903991
0.41264207051011526
1.402641011722539
11.483249359623699
8.630479023486402
1.9507210257737315
1.5067586605732415
0.8637865628723862
3.2895197436609105
-0.053500919426466176
-1.0690697152560762
2.851136627058863
2.4996744324550404
2.960394495291619
13.287376308472558
0.7295167403223215
-1.0075394709556071
13.599695481700909
1.5178137979457709
1.1105196002423379
3.2576835726756004
4.762981047587734
1.8896849594862297
1.1514357340052184
1.5167902674020604
3.107858657651337
0.36196861654991497
-1.396405325722457
-0.6961599091492274
3.4667733501174087
4.17184205716694
2.7176934500822134
1.5152855850832303
3.6218800581092827
0.19295417010758298
5.927849748975042
-1.940879144754225
7.647995105298471
0.05964845029539578
-0.49844756360931175
2.395617224899406
4.246426987414445
0.776142325839491
0.207446956318881
0.8311004118223686
-2.4864256289390596
1.3653037970344657
4.29044785184689
-0.9860493829424919
-0.11986929258376677
4.65835121106406
4.460413836070333
-5.207510766817633
-4.23730151816178
-4.632886900655463
-3.5324819278545547
-2.859364638842637
3.1016752478465768
2.0814183557057033
2.5380765053587853
2.0011307237935614
-0.4771681611141103
7.3069653576532385
1.203563788567357
4.600274776082071
-8.998767992849551
-5.2885224386595615
-4.478853892252632
-9.497914487457734
8.16104789709471
2.052081042542399
7.8366363707848565
1.1639554434795638
-8.364802267027628
-9.930616606492388
-5.354705203678907
-7.029115792989343
0.9183900705612498
-1.265330294604716
3.198893636354475
4.193022264114826
1.7170438340075345
0.13153920455828794
-10.192195296651253
-7.292802180565844
-7.582208846448346
-7.91524276489597
1.4937883637668057
4.102550896684745
-1.6777060300750166
4.374737319062049
-19.754927134502555
-19.58876083988486
2.5806026751556974
0.5205581064371316
3.054079542752222
0.21887132737707238
3.858899087727655
0.6787969989142739
-4.850018315102639
-4.657531713869735
-9.912627172323175
-9.687663706758952
-5.910668142209718
-5.281592552438845
-0.47900626268843083
1.497881439022423
1.8195611831166962
2.5491602637918014
-11.532443526630713
-6.325790913457203
-8.421862940184834
-7.008114071168202
-18.472850084749112
-2.732219165774723
2.254630030006151
0.15680782265822812
-20.784271595119034
-16.80734767043974
4.968483827451208
-10.566184212150628
-13.38829132635941
-9.735215395649359
-9.367510429146053
-0.2636731975990163
5.32858248900341
-0.3474139352268
3.764727470319878
2.325204239925214
-8.877266511118023
-10.966881344744747
-6.122710473089663
-11.851804971041812
-0.2951182355151498
6.734653441438831
2.2937477777224067
-12.129251318057792
-8.524881906800525
-11.652663731158505
-10.809660852552145
3.7435506135718075
-0.3528756281032037
-4.750131591125704
-5.88514774710965
-3.4664707935294294
-5.715592044128775
1.8917239031915158
3.9493251384701877
1.6579819935901374
0.9211654809428507
1.9306862005818717
-6.22332577889546
-14.032218677468821
-6.614859377179634
-11.458003670106633
-8.579703897344837
-5.985544900143241
-12.08951333190074
3.366799137805736
1.5036688757958463
3.466635920762708
3.5143975615368435
