2.0705665453368
2.3958285591975654
0.4250640186146648
0.10364278411756023
0.9973482066910608
-4.779273956825339
4.787862589668889
6.299351234340978
-0.12563691982262548
2.3164754011233057
1.4568384292248282
1.6125593194072876
0.6194780313182597
0.9594647941518692
0.7546227132349974
0.37265377566451496
2.5609083089018436
2.015809178257231
-0.4404342510956487
4.409676635872149
-3.9629051422079655
1.1099213381852495
0.9163794996053083
3.838158541797983
6.720646293635508
3.0580813897609374
2.647192234102861
4.749312688098143
1.6607150777015032
3.48171817533011
5.055030808514799
4.063933442248546
6.6221471299306245
4.130224585705696
0.5402595861678565
3.8610461753772327
2.4694138452890986
0.8773237025146559
2.255358513617093
-2.6205950877234354
2.8967611316246624
0.28722757114681596
0.30835406882814875
1.1794044786986846
6.512960722001287
1.912824367467846
4.948958075357532
3.0790844242273683
1.4593416166486424
4.793321613801691
2.5282977771301143
-2.8457066770726893
6.424983755943119
7.84420101001528
-1.5382268966833748
3.743628757423953
-0.8937067019212825
1.9295092622540075
2.8375326658331224
5.558411987696927
0.4553033999390981
-2.5449602608243485
-1.7670689969529463
1.4347328477323362
0.6537129165162598
0.6366222173385372
-1.1623940615336925
2.593410742245087
2.0822658034447317
2.669667510956638
1.4097159439536997
1.9828677448121697
-0.9747323290083916
2.787120338081526
2.7727174143068116
-0.13247909173480998
2.054694222863329
1.2907141719819788
2.921003521030859
1.1987504313252315
2.8890228587072255
2.5273609367246728
3.936201879959129
1.687486221797761
-0.6329570788263141
6.6146148636820215
13.792084944168213
5.770962372370501
-0.45924160957118865
17.03662315140131
2.5410368572173114
3.371858090392035
1.969526151743084
3.200627841496324
2.610091916404211
-2.83263351525179
10.662502856442611
-2.4801561113954493
6.498465302815656
5.435824911293325
-3.1538105605849456
13.313227772824414
2.0585136788436467
5.831681503180867
-1.4663273025786605
-0.10728903862578365
-0.5282398013347689
-2.0045378742977134
7.770363875073425
7.5570034229620004
-2.588581429092002
3.0637229542319995
7.054820187181929
3.3895499083613982
2.993528417105338
0.10898008427712869
7.925492944983197
-0.7221905372847155
3.210635177374212
-2.623061892770668
2.0153671548125125
5.993742645632506
2.748079911813868
2.297422149372628
2.599115269278418
3.633761936956717
11.947761961188533
6.827804505023272
-1.6331060728498896
4.262009270274693
1.2765828500308176
3.213922582179265
-0.41176897250200795
5.3060714745532165
2.5830122656778705
0.6740126475646588
2.9018799343468116
2.3144642776140545
1.9870536719152527
0.10138350885907821
0.30060248897696074
-1.2363471291628312
0.3685253676830169
4.4269983958844215
4.1383767948484955
-2.5194258546584405
1.3730756354641593
9.906555860258367
2.3557470643461995
3.033757777339371
1.0386202264569377
12.384925214689403
1.7772410220641397
1.2808295491796682
-1.0880167438697341
0.23440609910736465
3.567547596197539
0.7225919898320672
4.544198795947087
-0.6221321894990341
3.9090579833587418
1.9324560968130005
4.973123176495826
1.7576244926868674
-1.1240319799920513
-0.6148892565343358
3.340888319215347
1.1385532240623513
16.703431252645704
1.428886428137013
-1.2284477677202041
-1.0016436246674036
-3.9594147789539225
5.314475046197734
-4.051539743476336
3.21829708747969
6.465552666208691
4.867690393845687
1.0590158225749844
1.89403074448265
2.5811137519137635
6.180969670991421
-0.3352179707547811
1.5733733721712266
-0.2931017810585905
6.176469488546358
5.96142077766865
3.063740568883285
1.1135416210790356
14.817023155080612
1.1722676628388586
7.190975297378065
1.9534935191123879
9.57859980708691
-3.5401101763959995
5.645607471563466
8.399390090174581
-3.6595139306546773
5.239776269431339
1.625831595713026
0.8713698289971696
2.419743824092121
4.2290837434503405
3.7532353052358802
19.872282366656293
-0.6883911822087034
4.367665936590338
5.269409094552257
-0.4847401036910328
5.245490628133166
2.555066618591017
1.9748064352755255
3.9561935875778342
0.25638287352752065
0.12722355071818403
1.5676106991999512
0.6135762005606995
-0.24407636159207446
3.265907912688247
-1.1744581868644728
5.931706523816303
2.5360993244807126
3.7267733325111845
3.654804222159038
0.7136325537055579
1.5200880554727432
4.205342236813075
-0.5133524574872899
3.090224841443459
8.549761408485274
-1.0394781296466422
1.1419452857779042
3.0688928015103003
0.9928908158507235
-1.4252482640640847
2.014473707851515
-0.6225591451454873
-0.2676797208959245
2.3724218381783504
1.88589750397297
-2.458626828617308
-0.6328794877145258
-2.3495334774292402
5.754401961782692
-1.93408268832532
5.476738225743839
2.337342920801934
0.13366775184375368
2.1806974294269637
5.530963864920508
-1.6075610692639812
3.514562856265271
1.8414306247463492
-2.0585294051500416
2.763300459161889
2.6894461842668522
3.429155775358246
-3.1049078528125365
1.9104213607443403
-0.8865698131165047
0.574285889534873
4.742606088168063
-1.4546051900287453
1.176268494059374
0.36356297111310787
13.172799931564526
3.530506359479471
0.8245788059056072
-0.5054006025091695
0.6483804439504395
7.416870900021815
2.3750413720487193
1.1081519314130053
0.14269316898495177
-1.2148461810457398
6.169989660669295
1.7620708593618024
1.2900943925259019
9.029393186868194
2.752288240803445
1.8815743270265768
0.6942554716313747
0.5380329042993583
7.805554755468135
1.0889473125664089
3.921507034994334
-0.4349308975018735
0.9267053392050912
2.242625037056936
0.774452136848691
7.887998341194411
-3.674640660337664
-1.0919087257408373
8.67722612130062
3.8550496991299212
1.7291767563398215
1.8737806048953525
6.189416211542397
-2.0723299106644912
1.860735476594932
1.068293568750265
3.211379029492874
3.295034472540393
-2.0084678013508377
-1.6032604710112646
-0.13580695685930033
6.422353399463018
3.5712911119318926
9.680801357585995
2.6843386832326397
3.204743887079883
2.072213979460099
0.7342163828187418
0.2843110755919571
2.0881901126786424
-1.8740403274138118
-0.2565132108945114
-3.5293260587541013
4.160219071316183
-0.9476659255023097
7.0061932069320365
6.707053151801019
1.3389912148361034
0.995512627768459
-2.4153752043736922
-1.7516669254909096
2.5771494654578655
-1.387220138600792
0.613990325546165
1.6643082709225447
5.033474969275021
-0.1658891867645076
1.6974887583152447
6.860243520845415
3.457826333960639
-2.783155202245168
5.311533857058863
4.553572367583377
-1.3536348999546062
-1.2090006111559024
0.9994373827902041
2.725272844057825
2.198395382659192
-1.5435687031609484
-0.21795595068223883
-0.04163721269393972
4.094133751341595
5.264330510031699
-1.4156591427608258
1.8846496191035065
-1.094549858009649
1.2000220511187365
0.708242363835287
-1.7136926527388254
3.8033931014410323
0.9980228727755274
6.79596167948092
4.982996449561017
13.64163531580851
7.977622146332692
0.1763423843786578
-1.1135430214551567
4.291718233691506
-2.5785024094823132
4.1196339906607
3.289796607938565
4.847762570778086
2.357957057464318
1.8554846023610094
5.7357257708548985
2.409681257793517
3.550170551055637
4.411519195163368
-0.14566065110754822
-5.465746171099958
2.8136392686778526
1.537091960913145
5.867805831522458
-0.15412738911650026
4.905012649219864
1.573413945367274
1.1931334562266853
11.044043993124944
4.865617785901104
0.4378890287283328
-0.5138833303781685
-0.36001179474722944
-0.026453633270801635
-2.2472049410277926
0.8766579743986227
1.099329678202759
1.3532721837646018
4.536234163227826
2.0400771087059133
13.328917441127656
4.94515146260263
0.23471288570829585
2.2812921179966597
-3.6272525010771552
1.3081190828987204
2.4549618879804793
11.680423756711217
2.6879376058705127
2.761811365900803
-1.0589546765105735
2.4532995641555733
3.6242706299521794
3.1393444614956696
6.000247787994133
0.8832163038153693
9.363899950935618
-1.0192650036254016
2.8630617709271133
3.9262141723510036
1.0825835136140678
1.148455477515347
5.187936810623311
3.712330458482911
-0.47500368558920236
3.008366284305028
16.616076705642538
4.965673976346113
7.325913093458642
1.669517596995511
0.41121452947909276
3.137305680189195
2.9405579819560286
0.9694332806157617
-0.7498462932750063
3.786574424266572
3.2964479210445967
-0.11450405630484983
1.085186965267836
2.048634626480924
4.942468294099545
5.555044933338542
-0.6592060269430986
7.155636332216853
0.3421879255200573
7.400897063808726
2.3697724470550505
4.36859128638992
0.10855337543756982
4.062683770915942
3.6657310287591587
3.7873042577975196
2.2029805348873666
0.9443670545110472
1.2992036003540608
1.1149100724698582
-3.619989125361515
-0.6988668808775704
-0.09750865858584024
-2.2945659556870255
2.065644309032894
1.2511860616443509
-0.22415952994321486
3.579451729277792
2.616667952787351
0.904910474319933
2.8407693395293463
4.806819084661534
3.8343170241498994
6.974194924087498
2.5502196383020035
4.420397562957343
-0.7736035418328506
0.1132600239174597
1.8964161185846509
-0.6002055879415469
3.2396316051569594
3.5688961823954486
0.2853982093916718
5.528559273538176
4.713802708188374
13.153561453881837
6.842266483874268
0.28245624544095893
1.7543884793970268
9.967874770716728
2.7283733731104105
1.8684672862251193
1.7466433412272069
-1.8375647806676345
11.120055598650064
3.0368568717438116
-3.7967414924669725
-1.1594261592666264
-0.16079084016948775
2.20270293408762
1.8378768890689121
5.001511068581979
2.824879439506504
1.6928451517796674
1.0651008549009484
7.971069713117691
-0.5960674678818512
4.532336403845461
0.6551983153824694
0.8179865065245082
4.092973264734969
3.8021094770706654
-0.4142389079477511
-1.9683169982452302
1.2589997782774376
0.1903056642098282
2.2371379383438565
14.921854852328188
1.0595470670611338
4.644072523059482
-0.9285238599446426
-0.15202479968124472
5.563384087679918
4.793241671866681
6.10193604628338
1.2296269141405893
1.2550129520506912
-2.7316436504588144
-1.253083710952917
1.0566261563682553
0.9872760545970012
0.8084361531189261
2.9964327119666256
3.228299175298755
2.739549590120924
0.06761218827620619
-1.8919912347392702
3.4968566001954953
3.5137425348520996
1.632972708859197
2.05812841706309
0.9492420542264648
2.1611736303436517
8.24778534577226
0.0044730543357138774
6.217057380736741
-1.0005008647846518
1.198829019584203
-0.6691239763199925
2.303292457528254
-3.2459342440872305
6.341232659046177
1.4990125516263682
-1.5424997687208326
15.149551760453738
-0.5799472202820761
2.4584668357896966
-1.4713012707642785
10.534582787752576
15.15705257387322
5.630934866903896
2.8256540477113212
-0.459245459688876
3.6484891955886924
1.3956912036652809
10.042766570083348
3.4276469672521657
2.461149472235057
1.9132188606296963
2.6909619951572177
1.041054757531481
3.3968809003734095
3.450453934458074
4.6680263805287945
1.5469795455473418
1.2122088743992734
0.7401848922026184
-3.1645349840768606
-0.4625043051912845
-1.0246207329085917
7.254841633321459
10.811068555194591
1.573651676194718
-2.2884645290451013
1.3498611967334178
0.8878020987711059
9.417631327655847
-1.53782628876817
9.560422715482076
13.930250358617263
4.449089701897256
1.4423886274136721
4.024185929535299
3.219125174702792
4.794524736097978
2.0410760791482563
-1.070944322388377
1.118224846693089
-4.108239780947631
11.949258512853913
6.248377078731599
12.851860482335091
7.109550442482098
0.4923973038767946
1.1172209095868784
-3.0280218732225874
2.6843513187975265
8.7958802251064
3.403991572074889
4.139001175312829
7.701832575353508
8.082307574102424
23.515919988838448
8.422259227328915
3.636322005165652
2.375970957601088
5.105379625644285
3.1547006418043253
-1.6327517073453552
2.533630046777943
11.916687972930031
10.227617129706209
-0.03094610382899665
3.1650750469205047
3.11839928457524
-0.07814947281156237
1.085370675931842
0.9473929022448055
4.4093213279611465
4.710965493367653
3.5507475840825435
10.017701079172868
-2.444782258818435
2.8272542399549225
2.212031343751806
2.617572425378948
4.455843102283691
7.518553642153817
0.5454713504284738
20.773898869278938
6.705095982185069
3.319244141016276
2.882331512961832
2.8792825631534447
-0.7903055909523302
7.112235072922993
0.843989470848413
3.263947833366691
-1.1318787941366384
1.1629035371973122
3.4946975602323382
10.263098860027151
5.899780757298618
10.604494792418393
6.617053266175992
0.3631734889377556
1.255693281819533
0.01854360811374045
-1.0014797084037805
8.748966089264705
8.325359244073194
5.6830758664684105
10.260535646746309
6.828937986140579
6.723721518170745
14.499128602358759
4.990956315570493
7.222735092605747
5.701091598385169
2.8556944723782958
1.996560658006272
1.5765643093963313
-0.2575874148126205
3.9130522517741513
0.26730391913656226
1.2838072147293527
10.735568165495131
10.921153892380458
4.7911232807029105
2.3448228310618306
0.9333596345034392
2.9222317543206637
4.6773009665539504
4.315920797515549
-1.1506738459205696
-1.5982165683940848
5.742915455875638
15.486414247465277
-0.4988596342085845
4.689771404367879
8.668447068052107
5.532191515117496
4.028970028492585
4.190017779972308
5.835020656085478
17.824439577727574
10.772557593376188
-1.0174766663340595
0.22660143094653384
0.004892071363375994
1.9613380690989126
3.6520141457064152
3.169250096775858
-1.3413296143270954
4.011840072475209
4.036631088663343
8.907824020015399
6.906578469947824
2.921157588907417
1.924731902842255
1.202904334218727
-1.529992765305311
-0.12249253208685751
1.592799987994039
6.884457984196038
-0.5630248021787467
0.9693723842251876
3.56633532561262
-0.06157652843968009
-2.9571305150507703
3.6721446691749806
1.5280669127987137
-2.0398302268591264
4.873230967312273
3.0349272635812063
2.412104698084274
0.7033028169496409
4.250593619301521
5.448678466802123
2.2733424401544107
2.2294879032157837
3.5020943974193877
4.872862824652994
2.120128345385808
-1.1715918528584435
-1.830511363642507
-0.5687185274645181
5.12067904854993
3.832712376479531
3.7835850859853823
1.1175088782106717
-2.3919484236221065
1.5789374638972953
3.351191669071133
0.9617844830820936
5.788712006659488
0.4633078904571444
9.345428034745641
10.735562341505158
8.01398466582702
-0.391660123587972
1.4846338283129599
1.6214819662467046
-1.341978488073503
2.9025327320601204
2.214302108240373
3.6641599738849244
0.5899392823386898
5.853382703559738
1.0167286473471981
0.21255972393021882
4.734275809667216
0.2875534416943486
3.6894073952071444
2.9127624155784373
0.6910306030049158
5.188922302032064
1.3357201509314167
3.270402333104623
-1.8903398263604356
-0.14661590350119513
7.780484715758853
-2.916173852331918
-3.796707770268156
-0.393371266452343
1.5829349109556405
3.423422052959527
2.835163419967637
-0.9985690934577331
-0.7512332388306029
0.6058870424691722
5.873202283455313
8.226627085097837
-1.6453977166237113
6.036405636154941
2.789534806752294
12.577595550528654
18.35685632168421
0.6752552348046297
0.5987431176184765
1.1617590594663016
4.10217109162426
-2.4889262155896805
2.413334487739962
2.240036738636112
1.9946643946573672
-1.0514979521489014
-4.838590503400329
-1.606476278365031
3.5779586757345943
-0.3045993280068784
4.095762512847779
-0.7616806041709601
1.2065911390965103
3.122713716418742
1.4594976782037072
0.1117688608981311
22.39212284860857
11.831380715978458
2.9960818174714383
-0.39197792214037297
0.36913842264332586
1.6697661260282675
-0.7869758716704858
0.3513679693574685
-0.24094152006011682
1.807696569976255
1.9763878814080869
2.2299091222817333
4.512709902085507
3.738104281942229
3.58921509696113
5.807790262476081
-1.838550153594005
1.9521892248873862
-0.15106058194187266
1.9467658521822375
4.1631648769587555
5.344170493336012
3.3808388085633956
-1.9147154852578592
3.821135007392236
11.021617825936431
7.2703281571238385
-0.9833051007955982
2.020612059300214
-1.0805846457173105
2.946001143794077
-0.9845196041037716
3.998196107913024
0.7038299885713557
-1.4640102659920122
3.26184250259801
3.1263308464346045
2.7600071936311736
10.944175491885073
8.760912369327606
-0.10641676151224999
2.7553171470001603
-3.1608382719171555
0.15567402828828092
4.050924933244046
2.1243769406209343
1.1623270879897813
5.826210680399998
5.198371537245173
14.983225207141402
-0.07412449021285972
-4.503025899012248
3.5523164760215415
2.8344387243157865
0.9049683638026527
1.076810821118332
-0.42474531634490975
1.8360872650741185
-1.1446084652410629
-2.219435208297067
3.9090333344440453
1.6038715112317634
4.112926685525616
4.192510540797594
1.942306525141543
3.635007909566174
2.2370760918036967
2.4494223408078524
2.98513734017709
4.208060852035137
2.8750756403075868
26.796875382406693
2.6213225906482736
0.36522039120016103
6.663250572603939
2.0923976729328224
-0.6105857721355652
-1.6446348805299786
0.9923777133466964
2.9562707157600054
-0.5466046412477035
1.1212953671916008
0.31745011241906496
0.8008973037672196
3.332050329501863
2.270218429899413
1.0576485847729709
5.234650559051749
4.020589092995655
6.400332569047823
27.805762422522992
3.8928868783619555
4.32933240648114
6.187385326227783
0.6192152781655236
-0.06429472443236817
4.271994441862461
2.73359032213305
-1.840464203568691
-0.10272856700921684
4.249684688689746
5.025729103161298
0.40451846092214105
0.16132572556348035
0.513328020292835
3.6759093306533623
0.012058136172669043
-0.8156267244583821
3.617098745996005
0.4306081943141884
-0.8896340375918872
2.91007296155283
0.7338144095999308
5.229597952847204
2.130353740228127
-0.0924453482901526
1.9659687463222222
0.5450803187254469
3.54133652769235
2.721039493927326
1.917058578339584
-0.864959850227693
0.4486890054532111
0.06524419350577615
4.5380507824656515
9.771567837478814
5.393855265523559
-2.6812318494869154
-2.639092992924299
2.884123233044947
3.9721781946244157
3.1809127441249796
5.149105557826914
1.06400165752818
6.817628721397154
-1.570698387846253
1.2451731215837494
1.6762882459573596
-1.8691913810265377
1.183905264184656
1.4075531841213447
-2.991669837872865
1.0390957886310024
1.08215085003824
3.060338184212244
1.8825729427677311
2.5213644857284465
4.284085249423062
4.0196619189034735
0.058968372718240625
-2.2921979779415116
0.7930398565965289
-1.0552697703772864
-0.036637850734191124
1.8698086627361439
1.1627662643035375
-1.3665635623352534
0.4663823157537086
2.676003886201521
2.600666899706656
-0.32658195742158735
1.01743159825876
0.8092426620549014
3.520518884170131
0.34360134374235174
1.6757219705646038
3.429064209846658
6.68230744496352
0.15532847442191167
5.331444316523903
1.5155456348364051
-2.01036542929661
2.4383061321777824
2.0553540449729364
-1.7976158257861563
1.1849580821925236
5.137131222291262
0.7203855375438699
6.293725616622634
3.910954898955466
0.4639767355807196
3.4184377764336453
1.0465144742888584
-0.9019167097169036
1.146775871736873
2.2352712272180373
3.114548741251469
1.168363141993303
0.9618746352280823
-2.9484031748725874
-0.2854908905797229
4.565032945201822
-2.8854747038233612
1.2549691690218743
3.347336561324664
3.2267733409897685
0.23059504232276162
0.16583829547701523
-1.0563828596646119
-1.5999432093785586
2.5169175829173147
2.9742958560472035
-0.6913474996849169
1.466917327003271
2.319299036942748
1.7202742251896697
4.7374836838419565
1.2220489768958533
5.043834981238176
4.209945596081597
0.21525129140483235
-4.574887987694898
-0.11665748923337582
-2.2207874712073195
1.6152962397156987
0.4220098570619848
10.021946739163363
1.0402622645295805
0.9204562295920062
4.718648146883581
1.5474101477728572
0.8652796071466446
1.6571330508697706
2.5266756130919754
-1.0401691524226013
3.463444578247912
3.0141518145991464
0.8483797046295853
3.4995671191324553
-0.3574534934582554
0.6833228638463886
5.636057020652481
0.30853080808165245
1.0023986080166702
3.2596208704998246
0.2019611664018961
11.695553726876014
2.372343951180739
-7.55512648446732
-11.381629174100972
3.180748695207452
-1.1630553077524792
2.6474851547940697
3.4139609726029327
4.0822755719679105
5.38338682615371
2.8350531139196233
0.5725424354829105
4.327166163388203
1.5972151457373034
3.5845620834575627
5.341221212386379
4.488456198273896
-0.45964872993895445
3.523880410091837
5.557341489115792
1.4622874407911277
6.124635155303613
5.431817670200942
0.36996887213206464
2.795588568430767
1.239845767061121
-0.01450510606279587
4.315423733486682
5.02099391945571
5.0946146819987765
0.36294229827211577
3.1033965523487703
9.408652662442293
2.531573214342006
2.1809785627695293
1.9951136981437296
2.7183326703317108
3.2869174115782265
6.325270578923511
-3.836895612435378
-0.24343502958910435
12.180681834238872
-1.5829806094410823
3.751893942141656
3.0804478914548294
-1.8530137946654297
-1.7000358670520226
-1.051657722696424
-1.4520860700096143
-0.8853651734436612
6.828166222831224
0.5949845058948158
11.017474947191737
-2.172690010326072
1.8318522942387585
-0.16637747024843952
7.296628079643339
4.344617762069113
-2.591428530955791
3.930386412238504
5.366384195971028
-2.2610922427607956
2.8892703240378594
2.8514422485705513
1.2939283377124764
2.6606092780860306
0.7788788938035678
-1.5237032849334868
5.9904057808923445
-1.6261778442275812
-1.0820589835802674
0.6177534153999649
1.4266274279203033
1.3619205682917417
3.813997984649678
8.676191731089482
-1.0971090339224157
-0.5669162301693464
4.911418901147685
5.548047910513863
-3.020879739438892
-0.6524381993867236
3.441015959056607
12.077203330966567
-1.4873060354097416
1.6905385967855948
5.20634919383803
4.3285237322320445
0.63571658744855
4.500416480998145
-0.7953956723896982
0.29202558452483873
3.3854210262711293
-1.5050019209580685
9.917651888098856
-3.4481512909493492
6.9431959056436225
0.6063229345739543
2.4776263473078664
-2.683821787040086
2.466447572070412
1.3277006753714407
4.745448348507248
4.388074855974138
10.0169044344695
1.3522364462396033
1.3488499661385864
-3.708467494394417
6.87381170898987
1.80343610588765
3.964903951120152
3.9362397843109407
3.886478896667933
0.8686714573117913
-3.000234678190132
3.485684473891091
2.7155726327331253
4.901585754623605
5.5929044444935325
-0.06572851851326567
0.7189106405610937
4.609510937643393
6.8779846371068825
5.173013258161875
2.521785652308779
1.63917134116533
3.1272950171866545
-0.9346657355262049
3.1621385935317092
3.3950738895343795
3.529285311579831
2.6386748681117678
3.383158874727261
2.6270125888851825
3.304817803759968
2.896923312676546
3.414139095499368
5.256838798662227
-2.530291831635517
2.5088555910679107
-1.0922858504346211
1.8772094281984455
3.3896550497883897
1.841887844572661
0.7858677434126891
5.978804371546225
2.2885633717900893
2.625761528376507
7.262693096883797
4.728526894651987
2.349142040217309
0.29279848863156865
0.9710441929722529
-1.4449013674606066
5.73363456981016
-0.6345500562075166
0.2004718079545733
3.0335129814881547
1.6135257340700333
6.516178201908929
3.723312424103229
3.8697902120809218
3.5385837968354616
-2.43713621865821
0.4751508017642976
3.370412967276261
4.169750645252893
-1.5648627155267412
4.813343555652509
8.891356261352964
9.065843069451802
-0.6578156329270928
-0.5760833299267583
0.2874436175764796
3.6431005153189626
-0.7532261157685529
1.1782993446111196
-0.3856827286144535
-0.9168232055027727
4.457005873590762
-2.767107838215286
-1.677101774247515
2.332033235033662
5.059056259818337
1.2930725498760982
5.5250601356310005
4.977170689957752
0.9700500310154485
3.869019977294533
-2.452071962087619
-1.310786379892134
2.2156582135680076
2.9141807029012634
2.715839458176852
-0.8107355714674398
3.869743662006078
2.411462594885482
4.795323360793771
8.06817435693715
12.992002881430162
2.4515131609073935
1.4888629892077274
16.08918249157777
-3.0522462493422777
-0.5043062704614993
1.3011590028061444
2.1522405969331135
3.291135860366021
1.789295080728964
1.2761404194624555
-2.5838443570607077
3.4708976998022782
3.6251563169467875
2.5428296765458747
3.277444492791417
0.1116170709851878
-3.0544813190832967
1.7209104034214582
3.9647931259247264
-1.6083685357223168
13.003504976861345
4.069243950606522
-1.9120432684539677
-1.6505361841222514
2.2955512590192253
-0.30361529729692793
-0.8571237078153917
5.911075122356866
9.354319067481716
3.3142733320647237
10.857634818401788
4.92840827348328
-1.6286391184628828
23.1868622392419
7.658630390742918
0.961292721452051
2.5068668046950036
1.5172472556337715
-3.042924396199509
3.032178815147768
1.249098419383278
2.21246175599952
4.04811901344537
5.581688203582935
5.368405993446823
-0.9041366505322312
3.772875356596611
-0.2783704413254784
14.987690597380984
19.791945782948652
2.9779416732468316
0.5766832751137454
4.533973788399489
-4.16141405256541
1.9385930538862837
3.8993799720021975
3.7891434991758874
1.8265853551686382
-0.7614904236222129
1.4885962354284477
-0.3638829125512453
12.43950689314436
7.799905675304296
2.8357630739643485
8.597409188568317
3.9489091175431676
3.5601226507915182
4.394563127654646
5.323825641155267
8.31800791111948
6.463887895027762
8.970916446149534
5.225195740816702
0.3740940854733905
-0.8865068248840284
4.366229813111653
4.968772724864833
-0.09756662512551229
4.955476794618004
4.673198674226312
1.2648420230727102
3.218856091217963
3.3357176000163453
1.175202319257358
1.664304726854011
3.865014025166853
2.4158534172824884
4.772627811195238
2.8390345825365517
2.973344105281626
1.5576149980087317
0.1768544480999581
2.3047725673108346
3.378310643661713
5.406348748287868
3.8319985962593
5.932077925044629
3.2729956603977826
2.181581285287818
5.504907506990385
6.795499968782867
-1.152208296894996
5.016298171731062
6.186342600523605
0.2147131403956717
2.543729739314394
1.330962494942286
4.9607791122996225
1.4916015572301462
2.285665534947472
2.0025596051393166
0.2171945726176876
6.6990108832221456
0.6210239726401039
-0.7815109017422803
6.9483944617894124
3.865577912970127
-0.19830146885523048
0.9581081607686706
-5.213884677928659
2.223000894464369
-0.6831220342028881
-1.7838934585157442
-2.2550013465776733
1.096711376495085
19.448058630677792
11.930569694869853
2.9309867508302654
2.2152604426867684
7.08234774293114
3.1849269021858215
7.480845125496715
2.6013940097859924
1.1647000911341245
1.4797504511383288
5.929014699230756
5.823428314739234
5.815358455152321
2.529957260310429
7.293125380838317
1.7922412909612424
4.05447686184748
25.35830186359638
16.63730478329645
-0.13247286984878448
-1.8070631048972132
4.687262489712644
-0.5162702188550043
3.5201724565281785
3.894191066380674
4.233995172570777
-1.8221496467249039
0.14860030935484625
13.435680643951446
1.1965592063606674
3.7841870560701594
-0.6755232368427475
4.676900708965652
-0.6614794091229861
0.5477360518923771
1.692559430564244
1.8579147790143384
8.647125504458911
26.34360508625914
9.754912175978404
1.0358986840623408
1.740990194110679
2.662956279634663
4.704833463318451
-0.7100184558465681
0.8535964526975712
3.1497492960609614
1.4326261526017692
1.6096030180167316
2.4148825930411286
2.462097421584481
0.9450796883786501
4.928050816404043
14.547782495840307
4.193107169589362
-0.10476155465471138
3.579923136898622
4.257336018121796
3.1567852683757964
3.0051221039856597
1.8860420741900519
3.285541024613929
1.0527891130031357
3.893405505550608
4.897318963271893
0.0824803895791788
-0.2458852945511245
0.09245178870209703
6.2392074918178055
1.4249417222414977
-0.6421806404993504
4.265900907852846
8.171453355018578
2.4470661999294943
-0.6096961768333635
-0.711406000617463
2.2394785496871052
2.4748869919030527
0.4503235987121206
-0.20370496147333106
2.4661654222862066
0.6576863187384225
5.6308956394807534
-0.8818200657459314
0.004294890855951694
0.06854652020562635
0.45248222844549235
-8.152274289658424
-1.2632215674416578
-7.1272138786720625
-5.918660773748375
-2.0292778039277017
-4.3243678678933755
-10.088960572313926
-7.697312959723644
5.109224062286829
3.3438513339494813
1.7582279557513176
1.6540072554175538
3.5080876837187684
-5.243820199417466
-7.431212902059967
-8.015994255070938
-4.71381100367448
-3.859604947791179
-8.673326947150487
0.8413245280799826
1.7092367451236699
2.25255323556075
1.9391219678414449
-7.319339276529712
-6.124364724212112
-5.59928473676639
-6.153846214965964
-6.257770441520588
-8.514033778189612
2.240945618907146
-5.429869191311214
-6.135968502998469
-5.815935408209329
-7.087104752406738
-6.663451858289843
-6.28871572886696
-2.0618727351196826
3.508416517406543
-6.206922798659694
-6.151625810265309
-7.158628410676981
-7.511358281237734
-3.2941798983846464
-5.822730245983461
0.5600913599267459
2.2473603659175843
0.8574399831721442
-6.418639237256707
-5.107243199822942
-4.770766906159619
-8.030682653679797
-5.236530385062821
-4.270425338365953
-6.137218161772817
-6.887775580769931
-4.29419352515681
-6.409923612540489
0.5768889048670076
3.0098407037527846
0.970872718515454
-2.837945208361388
5.365724491680847
2.5894264189490253
4.042231574217769
-0.22506107339270076
11.629276240497235
4.101310980927009
1.7164319663467362
-2.1232597621712075
4.57174940988346
-1.5455492018518147
-1.4376469893943933
1.534263990102531
5.01677509046591
3.71407281901085
5.544752513611616
-0.20196437253230926
4.511929852590971
2.8441996994487053
0.19800952456826693
5.761363034257894
3.845566090053899
-0.3068342032579052
1.6705396384341054
-1.4231318974031737
-1.2146839880281204
2.41538288857085
4.525042230291728
1.9888373142179268
2.9286376610556215
0.33849082460219404
1.152328714524686
2.069538306813473
4.382345295707494
8.41730267471012
9.543516358099257
3.275368089887131
2.5063999373284402
2.407800916911829
-0.2908552773888584
5.159981262263907
2.8202372054071816
0.9986135592351084
1.1209931611873867
2.080141062926711
4.655008243443474
10.595672425174111
10.026722665292274
1.0834942277343096
0.375050111830052
-0.15570352975337576
8.953820439945279
0.9584168048685859
11.984504879612158
1.1766537288932042
-0.24887060276432393
4.5877445820087
11.617770735251417
4.324598179561222
2.1632327468957713
4.011342550817135
0.5810721613573959
2.4315844365551063
5.570678683953544
0.9909218422914263
1.224968928378422
0.6402027037613995
-0.15549338919190792
15.230368134173961
20.577510380832873
0.9883568445972231
6.4685504690504345
7.545063353558155
10.756054797406717
4.278967727147128
8.467237165951586
1.0024769668336735
0.5778335555486904
1.467753522019209
9.347331484358193
8.904033104477621
2.015369878744921
-4.004271802088878
9.403527463566
1.849031315312882
9.840034212861605
5.85627361830282
2.2559946282237573
-1.9979888371086223
2.6799390731398804
5.7040842413178074
0.15535019603685374
1.0572950661206262
4.008174674852502
3.6067296389640626
-1.1896026275966682
6.682228995283127
5.99820032412042
1.2195500838145812
2.798597724097335
6.057175224488472
2.9787136779800525
-2.0061264273491837
2.5114049369371676
4.910018099060173
8.758068360144316
1.5419250722633044
2.146325978286441
-1.1488283898105691
1.6429599973927236
0.21819420939125633
1.2353944580030725
2.049585504299622
-0.9158930600562343
-3.813832508375173
5.894470198522671
1.747054063289177
1.821278052185817
0.94260056202249
-0.30127300043476657
3.7813913299503703
2.6451469953354807
4.51813188434435
0.07252189771401008
1.4434835318244879
8.328969706312023
3.547885971941505
0.9459856519044889
4.565033755715574
2.6091733242549107
2.0970660377657957
1.475517996669273
-2.1054233910712523
2.2869514324452282
4.353530513389671
4.283944182582949
-2.3243721335622824
3.1461459196284185
-2.850917408521757
1.3898660476209823
2.1053297787406766
1.5520763069910464
1.8361836440512325
0.22618657408487497
0.25407094012434106
2.521497386488015
-0.012149131401435698
0.9389157609612049
2.610727731725116
2.4309740931288624
2.226712623542907
-1.6460433331847222
6.8214416470168056
3.4301304662491896
-1.781799511043348
3.628058003764928
3.990584173042154
3.5013170047520976
-0.6265873400012454
3.5839525426429315
1.6556598920796024
2.4831809499812962
4.420736264531159
5.030266558068632
-0.2951491049187198
2.2715555884668435
1.6339412107924758
-2.43579947611671
3.786209899269892
6.679534259760322
1.6388930523222542
3.808218319395995
3.4835545651497632
0.5514822619674344
-0.16163341107683604
5.4617688562470645
-0.2768867393676935
2.912850102488359
0.6374866397741028
5.237200331899052
1.7594530736854965
6.1851407617932646
2.738119835794957
2.5344258381782083
2.1004037456921987
5.081455283336097
3.513847979717827
-1.12662271629596
1.4875518967321115
3.9660407273169365
4.560170536473786
3.0246751762395903
3.5722237027319625
1.3109931551258078
1.4766175399865507
3.35750065414309
1.8099843282190198
4.870507317825897
4.780757618555418
0.5325638566344992
3.0993921286052206
0.830231089974653
1.0605806843831032
5.474679425831702
0.30388323679950946
3.350566041256487
0.5018886792411541
2.6234101970479324
0.6155238245418018
4.27191388852604
0.32265922593092644
4.574259544377437
-0.5759894884157897
3.6715782378727932
3.8760849049205603
5.986900829931329
3.590882522977606
2.4369834622131368
2.8081422932841265
3.1899756371658015
3.488552972196078
1.9676828162270537
1.392385629859269
1.6623568209286987
2.9609435376005306
4.061814819890556
0.8840504756196139
6.41944083089943
7.3449371421059375
0.3619161808302389
1.1909725282528303
1.7598343669167764
2.9123775293989724
1.1789530627631712
1.9007925435282071
6.358001117109516
5.833938631343246
6.386999725907235
12.893511961435625
4.583796061557959
1.6858073414054942
1.9864148876647163
2.67135395524339
6.623103221517431
5.2372744018898665
2.1471548677316177
2.8506585753968485
2.260936968745577
1.3617116777092197
6.3089062909394
4.610711490425613
12.28666073575163
2.4667467938123897
5.987063311152681
-1.1473036759430868
4.700305214067666
4.2422475945355025
3.4043776451880374
1.161233473974444
-0.6574458758996995
8.463035278234283
7.270587315104325
3.024347798329842
6.921280143887596
0.6196699511797756
0.5122222113142596
1.9863543650769808
3.060820379690149
2.0613902653503775
-0.42637364015036194
-1.3924637620787783
-0.21466369719381317
1.3442903225579852
1.4272226940595454
3.5468357558212302
9.358095532290745
4.319557284055677
-0.29329883970100834
-1.5031321220139866
-0.8574328697117459
1.4602967430392375
1.9885783410850777
4.880274879168063
0.9121483458707131
8.092050059406821
1.1842608229990699
2.927852315265395
0.2828619903349381
3.120359831843402
2.2099500576733946
1.4719767201845266
5.1630311240563636
3.0703252644446497
-0.5369683300975308
1.0315434799038963
-1.726362757868376
-4.055951230830065
3.511138179723193
15.150225243546107
0.6633003077074731
3.4396589763166245
5.063221052270157
0.16666378206293797
1.1239993550777345
3.865184784845376
9.38317148046626
1.6988705842529435
3.2172087849294675
-0.09759461535200598
2.5984260007962803
1.5152989350434165
4.400773584112093
-3.3876636802422455
2.3524927521152224
1.0339557286227812
7.189852745825176
-4.2031407999484856
3.267414085484669
1.4433645084278792
-0.25795021521330375
2.1507530068445346
2.603630921212229
-0.06502028766286116
3.5872757295138804
-1.5646524751427868
0.29712285445729125
4.691552770951742
1.7222294769099404
1.9601021771091116
-1.8216417859416718
2.137776473849134
2.171441025766705
-1.3356799946361926
6.431905999439669
2.1600856479792743
1.6410581723157929
5.018268294879212
2.8924707164445307
-0.3099309846743632
2.1112084847266295
5.782409024519172
3.798946748291069
1.8322085908180477
1.368318800785035
5.873776346452397
0.9981877089412396
1.9563790523847542
2.659926848907223
0.5267091139529563
2.1535269613404977
-1.9915129218525722
2.3870430721912124
2.133817913192278
3.685008037433628
3.4481863989637223
1.9626424468150945
7.112147094544449
2.691675557727445
2.896030661849368
2.2143138803372553
4.179076464539886
-0.32975382617255367
-0.5750021329141526
0.34656365178126514
2.6137310373443667
2.6041431989561925
1.8808602733216928
13.084331357695902
5.503485660121353
2.897088984675163
2.3876781389461312
4.431878989035431
1.5724294150032132
-0.9368453712884868
1.4117760369821948
2.2222682369641067
1.6649600607994093
6.104873361209879
1.4417238545654305
2.6618565065816675
2.0827328954185047
6.763984004603847
1.5211598684911403
2.94985924368529
2.678920876421666
2.3154159745229714
2.724201082933667
2.4275451174313774
-0.5222009926416515
2.36307318699024
3.431685957206422
3.4153069010215322
2.4388754785437365
0.7604186959492156
1.1664659873517373
0.6938804224599826
1.785991078175214
-0.06992235678430525
2.8659623494138176
4.144504001981115
2.293240295151091
3.438541005815576
2.0552886457854553
3.359506290647622
2.128978850486134
1.297550957700557
-0.33006674189803853
1.765614184806026
3.569248756271101
4.3950418107648455
4.829620268667872
5.091108392067113
3.8425490614876767
0.4266382329573384
1.8085953743648395
2.8516138245696667
2.9639123514589585
4.929880671525639
-2.807580505663249
4.613902037920127
1.4186125696439205
5.500227430110818
0.8627785851387462
5.0946314200570075
2.124621038760286
4.884549442083565
5.71213853573969
19.520909248205967
2.5252178129758325
5.382927740650173
5.004888121385224
1.2521181426967685
2.187331596336869
8.607586079040246
-1.0085444562547146
8.100862314584058
3.6763220509451964
2.1850636100273415
2.2795883852860657
-0.7801568186078833
7.707511626762564
5.1269357647228855
1.441174008955561
17.982662824198325
1.596203455319378
9.013803446142385
4.369922644973737
1.2737209187988288
-0.16478136755088424
-2.781882029477261
14.127444092697157
-0.15850871767420993
10.785651124033542
2.95454147176041
5.878536513376705
-0.2580919622705544
-0.4275213760536867
4.742227545170357
3.9055094248740345
0.6711636164788994
2.2015038192207905
5.088227229506121
2.6081926882772373
0.26097022195054254
2.8385776337868416
2.4166246342193918
0.4777437413871113
6.557126209492248
1.7481788486870726
-0.4869009649917382
3.1095285204876992
-1.4980691596424096
-0.10684733366680899
0.4232777959923095
-0.435173759367091
2.4156374853848535
-0.07171052783628551
1.6449036759245514
3.1897567785833667
3.0480403202712365
3.209268689846985
2.2319608463410825
2.378074129993145
1.0688492931350526
3.766221996812887
0.49116858321336365
-0.1716402072798313
-0.2815321933795072
4.946418089204163
2.2418689691531943
-2.158467349249195
1.6760365858764703
3.1814607709022464
1.4028956464909632
-0.09436205649008089
0.7109478196453434
2.99167834923046
6.6222644514274425
-2.068670603959487
6.579405523501332
-2.2472361082867454
4.268395132674622
1.4309608049636613
1.9768120737214037
0.6587181012855614
1.411568181640605
4.555375615665021
0.7995607172491446
4.613544414373806
4.315055602814252
1.9992504161877553
-0.7273674612708079
1.6521692720841252
-0.6222895802028188
8.232225395223976
26.01543009052685
4.76310815719486
-1.3814961210874328
9.259503706611282
1.68533007025555
0.40306644984643447
0.888763545895759
14.933383523670315
30.42026199164604
0.5425764627343062
-1.14538105784666
3.084854857354652
0.0916828893210746
2.3399740503145976
-0.07024143568661967
5.536417400171129
4.442894620400809
1.6840624408791407
3.337408340790871
-0.6058438329495452
2.7007023251136335
10.37201426149886
2.1663796936612356
6.59375983171367
2.7757477715799634
5.892412925601644
-1.1698033403036288
2.962259491756508
-1.502132442859402
6.57546586378277
1.1665972550951045
2.6183054207386256
5.201182196880671
-0.512721418128743
5.644746214248506
8.008355136238439
0.8645550242876223
4.502957412374958
11.57761061858205
6.94403527974035
9.430324704512797
5.281435791949502
1.8200954815654515
1.3094782621251628
-3.3622904034593315
0.8490861512066532
2.482172799781271
4.56898759094077
11.178264855411083
3.1592253412727596
3.347330988453646
2.842527697438369
10.085724237613293
5.356133873800495
1.7647028641553397
0.23617352230451671
2.1584348009282674
5.408491431972491
1.5423479566141542
0.7390209804145542
3.99730019182244
8.578015293787464
-4.335677160288789
2.821415033383322
5.629234069907764
1.0974129031930482
1.7523853535166893
0.8962212950785888
-5.0522832288782755
1.5441583861881174
2.208352240328408
6.029076833984753
-0.362389502065835
0.20250044470603257
1.1550247610370297
7.96958653070065
0.25650726254856515
1.610113099629085
-0.055648491792257504
0.0505054939516103
4.338856067448439
2.191755561767244
0.9694252752851718
3.0077766060630946
10.620943121402194
-1.3490226201155269
7.668342761572895
8.844332100339045
12.267653028168077
9.660198115926866
6.695483385207046
1.93989067288091
6.266540305415136
0.7032314955512879
5.0962810373838305
-0.402644517442037
2.2328881448105333
3.330419987724264
5.281605400341654
12.782852753168388
1.409587810516279
2.3124774201860783
1.4837768718505024
0.1791902101731
4.453778727020912
1.4901924401383129
2.514887449693898
3.486658937316034
1.3005883604948065
6.414031379972511
7.327781925828734
1.7198879016532547
-1.331485472083575
-0.39501024678240637
4.717879977643034
2.360887501565818
0.40848641695884713
8.369504064324357
2.776921136492202
2.295214754972207
-0.21014663334064076
4.212181273985262
1.0263662503381974
0.2915355611857082
3.774126830766746
-5.5394471587756575
4.960179891275114
1.7888110827526558
4.6563849949772
-1.042628527973944
0.9744135893316623
10.665968503381759
7.798708286286467
6.897284113984623
4.225097381772929
7.932169832252234
-2.8908806675179983
-0.3090429661032774
-1.76789973155135
5.960102121385305
-0.5653603661869344
4.065443241838379
3.8653592717360503
3.7760047147975304
2.2237200754636195
1.3284338682366137
6.007426521134275
0.2976255813395725
2.2970373762087046
2.3204888540337274
3.2977847394497597
-1.324570767023468
4.148332380809358
5.787476309229319
-1.3378568230134842
1.8975276665525436
3.8395122927937155
3.117635686603026
4.608001015592734
1.0196220066776538
0.7567855800699381
-1.7982408955197522
2.298172585722631
3.2465138155605455
-1.2185794377390393
4.582031227173497
-0.5135531322355513
9.05571952496449
7.610873714450952
2.0140368397798754
1.6407409785297897
7.259862097726902
7.097335905868043
5.971281847771094
5.371915968858851
5.609043191721174
13.601621958748003
8.447319992491334
-2.2248662118439686
2.8095318798794855
14.176466548737688
0.9608258065290525
-1.6132679712139333
2.7792723251242073
8.919184448247336
8.633878371153385
4.169362411571909
2.8622200915804754
1.1019322120292974
3.5109889625755155
1.6843527877823892
0.1421737996333099
1.9928607705362509
2.673161439695356
-1.704203145414634
3.7585962672907387
5.381349296841481
-2.786262035201445
1.5387587649270584
4.248051887788527
4.885136469265255
0.710632269813325
-0.16015601049029682
1.7047739196068334
6.972370084036962
3.9087895754073223
-1.3267765402485796
0.7080030283104508
5.315822109829803
4.04212383207598
2.3841573400887537
2.7447436735838124
2.260304431610823
4.279843744221889
5.014452902417083
2.9078339848105146
3.7943044830310506
2.987306897388967
2.6495495824594344
-1.476262300524833
0.5391983678260197
2.2375728812524383
5.815902241494175
1.52542035561797
4.723777117376846
-1.8784035646950599
4.377674574513611
3.9000901828121295
6.076944809290584
1.3829317599359519
-0.26285563123994415
4.899054839746739
1.1388342286354332
-3.095945035356695
6.393494231142032
4.058943000851494
0.3223405114326543
2.6030829430702336
8.453474231210505
-0.029037076376083215
-0.5471008273211349
-1.6781181589634802
0.9613794057686151
9.487285923110447
1.4222526968722868
5.128200157509676
2.6680168394979544
1.8197517558477134
2.085654693726967
6.24433439665469
2.7893722003027994
8.050938926677816
-1.3981565180238162
4.435376167710106
11.519287552662089
-0.306414408182933
0.3733896637043359
5.7117979450461345
4.949631271138669
6.027598667988199
2.5850434440741195
-2.521083711869875
5.61149643889056
4.240728058040831
14.972070328874324
2.3005249926788434
8.09888718616913
0.4094865297304706
-1.5097277002242435
0.32143684430391195
3.594318325359634
2.0938209415464977
0.5545844531293285
2.6029224978782275
1.2893262880773193
1.7536193492935235
2.0648850157649785
4.097960648500705
12.80576535724145
1.9998253590295385
2.6791924833516068
-0.07840754818541207
-2.233062034542455
6.500189700046377
0.2167910056971396
9.688688719812955
2.1386814809585992
4.294796373886191
1.778439429931715
0.36264559676326846
0.31236912489677016
2.40128743622122
-0.7186439026010469
3.698057707942232
-0.39486654216359507
0.369996565883131
-3.747398584139832
2.5524608659262027
2.8417331397228676
-0.9644869945688994
0.6249113283308865
0.6514332973443739
-2.443340586358457
4.430037157232791
0.6367016891005954
2.7742427866058197
-1.754461553362369
0.6899471809021636
0.9269531592131501
6.023134688048345
2.654505785784627
-1.8974516525087335
1.7452447651330127
-2.20745910518345
-1.5450140991375434
-0.03410442578776118
2.7355717373883843
0.3260823111196913
2.0887322000359925
3.8027639274673453
0.1992792985263574
6.210795566434218
0.6903088254415
3.47526634205734
4.444104540733129
5.306020773703207
5.320284613854106
9.188075443181148
7.99436919145141
3.85069311741952
1.6425135122516317
0.9557795098068571
1.734645594680698
2.374086995512153
2.367623387606956
2.0593381344806945
-0.6788666948323694
-1.2290383778478338
1.2041755799753382
2.487435919427009
0.32067061891830284
-0.6317306822015614
1.144991877313324
3.9325476700928585
4.409242736396442
3.694975702701891
1.3894977468622223
-2.428347160676795
1.9761988873106495
2.1611395842268095
-0.19704512821684306
0.5739735390428684
-1.3512725211230077
0.72519189042177
4.224118449385934
16.546696541685385
7.445573038063479
8.353535046479806
8.818593521939691
13.40098150790283
9.890435184652077
1.0063351013623583
11.597893195026522
8.314398491203278
4.422992065784777
13.446484192676056
0.2726434749945301
1.7788577931899636
2.1278310074756757
-0.28453021792266875
13.633683901473356
8.516983527696723
0.8204808912128023
10.163541123044944
12.054099724471802
9.033402744590777
3.0155431545334075
-1.938870001652491
4.553736223074006
3.7481908912255477
3.950970395146453
2.5748898760481778
13.545821841628213
12.085928597922145
4.46353284877487
-0.4352308311066053
2.124073404825787
-2.100634861562974
3.0159599445217045
2.1589921012950173
3.3421757768996363
5.4891614732357406
-2.030547051086412
-1.434720866490229
2.119544905758309
3.7520107110099365
6.760370112271891
0.6867776701405575
1.403428016743468
1.967760653410599
-2.5694028426914644
0.44325662844338165
0.03825163656378905
-0.313276667647316
3.153535222940031
2.2107302108383005
0.11321056055114509
9.276656332242666
1.8184657461928808
2.24095327881429
7.6367957952673695
-2.2263342616752073
-0.9095919136907271
5.27156361584706
2.266156262801024
-3.3680442341406485
-1.1869604314338842
-0.3762822613492869
-0.018527582384299857
2.946243320259169
4.679027984999399
0.04355286311100137
7.589731220345895
-0.11121826196298001
2.051052704549905
0.6716827195785027
1.424709999591738
-0.5474313768634413
-0.612180193900566
-1.4512005307796496
-1.8937615610737382
3.6149841930179143
1.7570365453923913
-0.3357421165615564
3.3519651186644532
5.840462519600171
3.731585834942861
5.4441135263482625
1.1989004707428506
-0.3794742200728045
1.285348399903433
2.1763900401112775
6.581311732262533
2.0923384878263604
-1.0397108798792543
5.669982988564789
-0.3342544258163971
1.1128479935429012
7.176992466597377
7.391423305630506
3.7555773508636543
-0.29163026548073145
3.8825557942188462
3.1822393579524455
0.8485639674691352
5.057514856286204
1.9354623967135476
4.678988885107079
0.5613590794413748
3.2606504179131943
2.548015219924558
2.873674318240618
-0.1230020032252952
-1.5306206990367763
8.89350041265689
4.99701468722792
1.846441893856727
-4.50027840527839
-3.8641112143834366
4.046781176864636
-0.5833840146695217
-2.1651213544859433
-1.7900484467095537
12.057561418846609
6.341071414489755
3.8123576819876996
4.491426953616646
2.7602121717538357
4.37763062859279
3.7622262379075506
-1.1316748794503635
-0.10390836938920933
2.697640752204297
20.051274419303986
0.9428625932031562
-2.447927679676363
0.5450964181141684
0.21827573194949101
-2.001950034081595
3.927152400551683
1.0650478186391719
-2.628587181736342
7.636603559034012
5.519164350093746
-0.12878998817395115
1.5144618415342843
1.3532456966790831
-0.4964928881614046
-1.256577369023633
1.287142224093836
0.41054180744425284
0.7606658320025124
5.390330442630034
3.2404872077678055
3.4053174268335895
2.206866441998921
1.3931008037291253
-4.017147558493197
1.6775766952178381
2.601300299976484
5.10831854664778
-1.9038782239066643
0.807556632782809
1.694843019660078
-1.3407486967742757
-3.3824073883576298
6.62139407868532
2.010884229142499
3.457180102260505
5.189358470876189
-0.280773683044252
5.792546862850172
6.529346267476015
1.8018205446282487
-1.7083160231706411
2.5949953026649184
3.441485765649305
2.544045312319642
3.385640135336555
2.28341198411154
4.226514879546159
1.537566509133748
-0.8096188427993665
0.14828961696756404
1.6205842672530348
8.651877857168177
4.750754538286977
-0.7725539911834527
0.33891988493235603
1.9467093437632812
2.0456621380053903
-2.8701509742300066
-0.5192689717854093
4.9506872555095045
0.924241149135026
4.310625481995208
1.661802940730996
-0.6414321078651779
5.579489397136327
11.142598677883111
5.2060029300586175
3.23158922786038
3.399589551951018
3.477822131026091
4.3446790775287125
2.2976892161688784
2.9630693258437244
-1.3512446158974356
0.29970194763015323
2.2111304039883306
-3.4504398332105572
3.90917078767927
1.8263214514314627
4.088515828514684
0.05086565842608004
1.6230360063083122
0.44004238033547294
4.084204218479496
1.9686258033963937
4.867756482257843
4.414880037066647
-0.03579407291941372
0.41153013999718024
3.173279193623781
0.7523752970200059
-0.3222513883634779
5.2220095715663275
4.000931889952418
0.9988271010193561
7.542461842777645
1.758240089540125
7.075324761226634
2.1077544600765643
1.0664172916062786
4.672383727210573
3.0449540766512015
0.19996267157283
1.0297088964095271
0.3539113221719685
-0.9740835877481038
2.556244702566283
-0.9889468656844034
0.3290394228575835
0.39759446296458334
3.4306476776283654
-0.7130907587134436
-0.22103716162243048
-1.5570576841144328
3.071565172134914
3.8395626759727
0.5088608182196268
-1.1451019680591534
4.399687213487938
1.0053480945137434
1.5046831507185705
-2.329690302305787
0.4309434469441349
-1.1821732108905123
-1.6378215614322542
-0.9066143105117015
3.0044330644643553
5.589301638201984
1.4025285136860555
1.0090116219632412
2.543124510649041
2.4780547873503105
1.6490461576980295
0.4356851883512558
0.20715456559518297
8.416053312083998
0.986603993857029
1.0868662993016693
9.715667679069977
0.334752922346802
2.428518102799928
8.217675515587114
7.605803937594974
-0.18789184111261226
-1.4882210968754603
5.569623801947443
1.5959764227776483
2.2207916216302666
0.7342810175352716
1.6312529666961706
0.5589157151498345
1.9381171035816043
5.482969302397141
4.4596671446577325
4.375378931923692
7.141643099481502
-2.0835569718526914
1.423315507286759
3.654455453876001
1.0453970603317344
0.5744954712412274
1.566121175752383
-1.4774018644226252
-4.11612790528339
-0.30979786792341857
-0.8173769212406976
-1.7452304272311883
-0.6084445201295936
1.269351143367674
-1.0283339543708507
-0.037509652597883525
4.381807672199194
3.3625796097925824
3.1166034228065085
1.8574492574600907
4.153176604799507
1.0947576876643188
-2.0557477678736245
-5.86246552585075
-3.2961381749053693
-0.16323871812651336
-1.8998135073346405
-1.3144165018902072
5.033930160240621
3.44414590162518
3.892147305954351
3.91049113302228
0.895544038056328
4.219355837831456
1.2251428039059291
0.6553902169378312
0.1346625580191645
2.039607191032977
-0.008621482483623044
-0.08064428732004814
0.4470626200371379
1.8428561118860727
3.2058363139470414
1.506949289393562
1.0317365826423643
3.54574057413732
1.189744401574468
-0.03532963064198236
1.8059962975613544
2.9846953709118917
0.11875847418790575
2.2564012589537352
1.4611950786715906
6.890124772711726
1.722890213235058
-3.3310186673255195
-0.7093646349147327
2.33104276055555
3.9757974241945653
14.417894555824539
-2.061436113050801
3.068604490540503
0.10887074109912476
3.062970691970211
-0.6471426892508994
4.996596888404051
0.5514183547307068
1.592592296439512
-0.2887196553218685
1.50385136684339
4.560689734579061
2.968494766099088
3.38158470626728
2.1846738042271214
1.4836374031448822
2.9057520168838575
3.329360559564662
3.570696882697361
5.373649288935766
-1.52767582076565
1.0371684200991198
4.08293750248364
0.10596590524513716
2.5667459229015908
4.329148281188117
3.436019173624044
-2.589788282605715
-1.277073265861745
4.600107630716509
6.152211972803065
-1.4713921980814648
0.08720680900074673
4.638666267077628
-0.8175215572091006
-0.2454816363301251
2.9441251654291594
3.5795125255655984
2.3647238066571363
0.16393761164197174
3.4319586876979615
2.0686407891189513
0.7737944959712117
3.6626577667390987
-3.38379415263051
2.8212686072905804
0.8778862227557185
-3.460754176709774
3.4204558218962546
-1.1835193053172592
0.28751827787061224
1.3651957876929561
1.4853277261510318
-1.1056759735618202
-2.271435549634263
-0.9431214910252133
-1.0013415459874218
0.6557378652043682
-2.718434476444433
3.720249679213514
0.01679651296168183
-0.6448118941916854
-0.0437363715788488
-0.9506580995196419
1.2173360683365906
-0.3515670030802194
1.350803067190719
5.230088170029012
-0.12689729148232454
2.77408602290189
-0.7760196862725002
0.17399482209976536
-3.338183432978954
2.0159789113011373
0.34986914636636723
2.32001445665749
-0.17868095864992117
-2.646113231323913
-6.314717369289501
-7.671468534950178
-5.572914650716283
-0.9447273880662574
-1.9958738314043734
-0.34457825980837686
-3.8641366066770857
-1.717256319497826
-7.45854351186161
-1.0078492520893805
-0.5910265221760511
-8.480471974961839
2.545329753073056
0.5443532710109893
-5.849173314279386
-5.636903516431884
-2.852874907941822
-0.5065902489205603
-1.5515369960036822
4.039868636024994
2.515600725788223
2.477694278199792
-2.98771239654053
-5.089739768575271
-4.413924086537417
-5.247403872597621
-1.8753625492663255
-1.3858274836244586
3.6633675244471986
0.85546710682327
-2.484650094222948
5.940097647403901
1.658628772751827
2.2865574213218123
2.566055725118021
0.18041979391611762
-1.5695347205260366
2.8242130108524552
7.405821044511369
1.6014852822634107
0.18975750978772132
3.8126789499311444
2.813455477285204
3.3261839782043037
3.997900621808761
4.041682132076465
1.2652897359306319
-1.5026067169564916
3.5753189902078386
-0.875195790049456
2.983393798247543
-2.7841987778672475
-0.8544887588634815
0.8544751325430029
1.2255693001653034
-0.9647705701418701
0.28902053312197973
-0.5392582544432742
1.3693355928191677
3.272721526759913
1.4317418980226744
5.561580548929385
2.7058293065267796
5.075656049536065
-0.7403316585127451
1.33238739038989
0.9758096083497574
4.342571263299279
-0.7379871006817487
4.096016905812585
-0.7012153992959742
-1.203042064509395
6.4325110650320045
2.0683532314304047
0.7054726800881357
2.608304498805005
2.1389692255566537
0.12708615928078437
2.940893254590046
0.691429757150466
1.5825454206223089
2.3022179709571855
-2.0437210787985194
1.4871511308813816
1.911070577630753
-1.5486455662040415
7.253783143294944
5.988828768267076
4.376830496468248
1.9419653611654368
4.108492636832082
-0.02286120545220749
2.127392123785711
2.5612443265103337
0.9127590158162244
3.916052180241347
-1.005642780816081
3.3763088119624074
0.9733535240054272
0.9136323511101658
0.8892539744100543
-1.1463707471479108
1.7092335466850228
0.20986555560107623
-0.6089597862571783
7.102166475145294
2.546505280916032
3.9483381524958285
1.1965128794498066
2.2854106477914424
-1.6630633121744658
1.0515842843222618
-0.44965094302060193
3.1779680452629693
1.2612921525118403
1.257163787528642
2.308118806870386
-0.9951708981129448
0.4403401141239023
-1.626720123752749
16.82635092921925
1.5406877450545675
4.049121291960291
8.789370454011411
2.753029920034739
3.986513033009956
0.5746031217679308
10.577808737793136
11.047523071336993
3.9348245519925023
-2.2444652100017892
3.6150669799915107
1.061905378236413
8.0426260413953
3.354582857271936
1.5192698773733262
3.0764354534555833
2.0025997734923147
1.9281505094787046
0.3285463286620822
0.2427758905580637
4.4525164557932415
1.4547829798854235
6.5251695893384305
1.6715882560786266
4.390580802383981
2.701661101063431
0.34922448930042416
2.061214770243053
3.8869685993192684
0.9980064146867871
-0.07356673436645811
-2.4675191947974344
4.110915120349333
3.4591171851592994
4.09329447769908
3.10431540940407
2.241398646161005
4.8425611713385415
2.2813776870384648
2.2318092577297532
-0.6810519386867124
3.5744941655081552
3.875101019170482
4.2903857271766235
1.0593086861709384
1.5227972659775724
1.429835643495756
0.8867256046781002
-1.0760444663071431
2.017314034380414
-2.0279587759549447
-2.170216324026452
1.3201633681631562
2.209249896973081
1.809973274964542
1.6157349350046781
2.8777716059403553
5.711142265568412
1.5288500427499672
4.064605493145431
2.241286415465165
0.30051143520779977
0.921016747596703
-1.2030814650700337
3.1679188583879565
2.49651189183997
4.401996815087683
4.860787070539386
1.1664233079337394
1.9595056711495802
4.479152260121703
0.02209081888699438
2.199175563453922
1.8554164699787528
1.460933691679955
-0.07335104859531172
-1.2990832543460644
1.8166717666770629
2.382696037161992
1.3767864872613702
1.9056537795306783
2.419395811917715
5.840535021631649
-0.724410303649843
0.6256771393032217
0.947323171236482
7.216979024365405
4.932034739012184
-1.377877386711176
-1.290455712224204
1.4822255486659883
3.043093276787771
0.13440214356451952
2.228164537084905
-0.39524156544302635
-0.3176825206292686
3.700276428314055
5.4420001985499455
5.280311410528266
2.1566468233552176
-0.6764673993589458
4.113674757276586
-2.566024328189208
2.062532615304958
0.20392103417415708
4.065322706942291
-2.799432892128521
4.29074666159716
6.160403085905728
1.721201320028902
-0.42753280199707233
5.952692759459295
-2.16153989468706
3.0858315273990735
-0.040463342888118925
3.633270954952666
1.1137967432388578
1.425283114862435
-0.9031459403158832
4.953233122798022
0.5883332502691341
1.9313093465775282
0.5641886824821285
-2.4506926236352307
-3.5470885368997385
1.8639416529880046
-0.7979682554097278
-1.2613782791967785
-0.2049810350873551
-2.0255558768595865
-0.9142161032949057
1.006866885743735
3.947630192531611
-0.465128980568301
0.8499966562190857
-0.05421155854378212
1.0854569700233132
1.8634007370747203
1.5530835771866527
3.7266903812930243
1.2240694562663306
-2.6189711368452375
-0.8734078540550221
4.557771945833285
-2.278620600991176
3.4819639398550346
-2.3712945743578375
0.040135345540519785
1.2004586575985985
6.019064329353546
-0.8769168369492615
0.4978379636526038
-0.4147456698041687
4.307252389880175
2.868848196859581
3.3892739433890293
1.1984706334378434
0.12533432300921987
-1.8894552603300248
-1.8796147075680458
-2.008899787721746
4.873061983584983
6.273660035031406
-4.806927999254061
5.859927031102491
-0.39446915383618153
0.4538176430756078
-0.8302950484911813
0.3690365000381606
0.48346776402349834
5.3852776572933765
1.7612472570879993
0.8053154047396793
3.6379818768744405
5.74638626898411
2.33356047479184
-2.1662974555016765
3.2563149474587183
1.1917827944643997
4.94578097631494
4.716450346991818
3.2490710405978303
-0.4027248035816229
-1.1402906222206408
0.5276572428783639
3.4389991414488623
-1.7776000051956626
-3.3623404180216836
1.7266514707487233
4.144751784695421
-2.3948371252098495
1.8568865136510597
1.5419216258235653
3.1846583336020267
0.5259161905521579
-0.8569406373299668
0.762105490910497
3.7328708104080115
4.025433856191356
3.053075612290119
0.6835105702064668
0.2297603279894891
2.1112785200927897
0.875628398422494
1.2597705267985397
0.7564450062738028
-0.27853245256436354
-0.6130717061326447
3.6780626474702
1.108156395065225
3.3687014364538013
0.593682035232149
-2.9269135434109312
0.3895710350262138
0.044980285599863556
0.19806269334332405
0.6586694747601911
-1.1591714251868335
-0.2761695341312953
2.6439139760365293
1.4113288089017022
2.5613550050770955
2.648104349988645
2.393927336474465
0.5405901489655729
5.6363192919184195
-0.17240373737383963
2.80431373625445
-1.496115807598238
7.356497339365434
-0.7807195209416702
8.81914262255346
1.8287665671996953
2.8123279704109976
0.35836077815351874
5.460802224993191
-0.5366436141881008
4.509164566838883
3.025002214027155
2.2636028418535914
2.534827429440962
3.4533769881166463
0.34515155925869023
2.8057572172769802
-0.4005038995011525
0.04599193152572023
-2.758193421474643
2.2085547359118607
3.3985268149875774
1.3920492501256965
-0.4305716450525192
5.540050609676611
4.966672180489697
5.19268423040436
2.9057330504020937
1.0035782300449563
5.019075698443039
2.259111719839071
-1.269273126533005
2.4915196967769546
2.65107764521193
5.465102484670999
6.126479540029341
1.5715726633757718
-2.6356833359331784
5.659165184310179
-1.4599521582087502
-0.9229458059783793
2.288368579337838
1.7978198243039978
2.9957409847810093
-1.9954877835058171
6.142991901962777
1.3538809169589912
2.9276964036665527
3.583516910551187
-1.4376899025010044
4.0679883043766685
1.5343109865873923
0.04361540386518681
0.49991652782583973
-0.6953734086324128
5.277932874940337
4.77066941270467
-3.2179513385775826
1.425261500411245
4.552729704544901
1.7268784342498662
4.78983203065108
8.212661096202671
2.7204439729541483
1.0280068822782593
6.282212019452601
2.628192719894353
5.980206820673356
4.19293954252154
9.535309268341377
5.531727971373722
-0.39257663078456617
3.84513305587448
3.542494937347121
2.793563224825154
4.720250018544883
0.997091763109283
4.458175497673123
10.767887307284568
-0.652637233450583
1.6154423123738872
1.7648225874160712
14.927780203493624
12.199661054083338
4.18027698501875
3.6105374843821822
6.348900321868717
6.741709038006304
8.24142555846996
6.517776333572375
-2.2183439374875027
2.7925152755171148
2.542822087266205
1.4830707361451607
-0.3764376291145295
3.1785820504325724
3.776124690938471
-2.5452309300488567
1.149384106303616
18.435507402705348
9.673482436874153
4.3762872383552045
7.554469831252925
3.2352784691339407
1.9955495707386712
1.8023047771579659
3.51282147002647
2.9414756373636695
8.668243108682473
7.09864428325328
1.9745376710235263
6.234753342180445
14.460427924914667
5.069655335049496
-2.386596358545879
2.676483771658772
6.209634757225169
-0.8618207503348285
6.107057770778315
0.27704987775122825
18.849033286265538
5.2966384460806895
5.304292057913186
2.2287004386219387
6.0121736019349346
6.093116377837194
-2.7768515875170507
4.011249244875048
0.9147011165459327
2.979209915922497
2.0617225755749358
5.701236055722131
10.929573586923935
5.508440412165009
1.3101557168364333
3.8797233445751917
0.23566022947420673
0.04814640940238557
6.340780102260313
0.41944280127251465
1.1787293805580665
10.863187978126906
0.114877864611314
7.163342596324675
2.9998924538535734
-2.6336767395281084
22.279324214043584
4.143922278309536
7.048561585121334
6.081685920835504
3.9154098783918982
0.24100245539359522
0.7396903821505301
3.2263848895785303
1.9539280154720202
2.245131230519993
3.5750282057043714
2.441500310026491
3.2105803285138945
4.546039615385887
2.340425102489717
1.1913347583876277
2.707473896596057
11.606133505412183
1.4955456068418083
1.1884871254694358
2.983444495320947
3.178207212740547
5.638970806672152
5.806706796524281
1.5158628551558568
4.712870103968424
9.335458527846459
3.281158699306732
3.329252866492389
9.59059876717127
-1.0553223711561965
1.1092258281118055
2.878746058872788
4.144676115411168
3.8335364823856235
2.48176926613883
1.1928936888993333
7.822278659157693
8.298827430612649
9.341739059486128
8.93916484772372
4.9111680479248
2.628429356278349
4.118155172734415
3.720536211093701
0.7273195702763622
1.4204358326834452
2.3686499204490588
-1.1356319985144834
4.407008980935387
6.081716379968235
1.8918923453144747
0.18374250001279502
3.9416236383545513
3.44567948678169
9.833921260845555
5.145166385158346
4.107525197040025
3.960394236833407
0.6824931626890536
0.28888478803518214
3.2439446882508953
1.2080027630631858
7.734355355468318
-2.1434467509530934
2.2502206490690084
6.711252833727565
10.649751810304611
0.8104618587405004
2.9495387295473803
2.3704425210726816
-0.13413964065013717
1.3704242210399722
3.9351960884415167
3.1027383267269832
-1.4111710174245844
2.7798803860747876
0.09029134196747313
-0.45692340951316734
1.1459669849291323
8.33703606927908
2.493058907936748
3.7323826815099697
-2.8318629779491946
8.053094311467557
4.050633367799979
3.711503704272382
4.178479015328975
4.947175091066784
5.687081061351932
1.4398643534860929
-0.24395722778924034
16.81383455716174
-0.7449692765231426
4.8242846770689
5.00999226692024
1.9871958182258989
3.961715743823225
1.0600413605314032
5.649696897296521
11.61733379929113
-0.21452003275207487
2.9044409722504225
2.9984431116060213
3.918728246875511
1.3217833423972387
-2.46478118088986
5.10986518583289
0.08298782791695514
15.151402889202158
0.9628953633190578
0.6038249758169245
2.1187340285618417
37.33361169726234
8.966889445824648
5.773494197277226
5.7059543583452985
7.345004818672693
5.352362982898251
11.417878826608373
1.8301584340231964
-1.3050479847037102
2.946953748166476
2.1447930435001608
3.6021571597569357
-1.5800027562160648
0.48910072905807844
8.650587428211976
13.817431083861061
3.545593268976888
4.798772410503201
6.0999366061493445
1.8568882492706826
3.9879264539858665
7.210159981029097
26.825882369800528
8.526017354367442
3.023744764090009
7.769353989054894
8.979078198353655
0.639269119810008
1.408745118210525
8.252476869170316
0.8666568608522418
8.498317099887412
-2.8787394024242197
29.68106707698632
9.12603348106544
7.010988542186951
7.967625982772868
5.704240234538414
9.261104984899415
1.6115586849924055
0.3980514335024228
3.6932472600265505
2.894080564678663
9.837446955432473
0.6791790099139776
1.09710272944245
1.869228126066077
5.834004337679
8.317936221753495
-1.9350997451513947
3.2617272955012675
4.671986668289243
29.361734762016596
5.1345491921534485
4.336800697263894
7.818962414692148
3.7333473050912422
1.2037506388872543
9.272056114710612
4.740773566602244
10.568463139535288
4.037718565175191
0.6313053209408215
9.11583954789492
3.595954515526315
2.315679341642787
0.3700697082853537
1.4815910926912415
8.025687623247082
1.710340882277022
5.069240849278404
7.685239435819636
7.72401659989446
8.177001112463596
1.6589280671838629
6.221566361620457
8.889836866281795
2.5186886641858206
5.831586041639435
3.7278958753730143
-0.43041414226756936
-0.0049081536828528005
6.3015763831772205
2.4849934241191414
6.916930384122974
7.136684358203531
5.129972420839286
0.09220229177847572
2.7806697093659296
-0.20770236688621302
2.715063952677652
1.9429321143947818
1.5832730834582602
5.610429047060193
6.028337617990365
6.087386915112435
4.162747193374049
5.840948258304252
9.290290138525204
2.522322235336226
10.402588136741347
3.7554656906407815
0.07619047555644953
3.9504635368430225
7.246291711104853
6.236052017096708
4.551375298719355
-0.070316348274297
4.940150283951041
0.962049230879058
8.730078398093022
6.284879713140422
4.806921198717689
0.9143931220447634
4.047291270163784
0.6188387458099602
7.183848282419776
2.136999280553562
2.822606688468913
7.7494302490782605
3.467952883130943
12.987333150190272
-0.061106407824299325
9.126513668953315
0.2498794392971908
4.395046377670009
-0.67546476144133
9.220230700355504
7.46397570570507
2.8901140823395695
3.2335941477238554
4.033898318328131
7.0742953110230955
-0.5322700513334104
3.731590877602546
4.383848148138826
8.377133272743126
8.331703634701435
11.921743559465144
-0.8716238825299814
-1.1904535430987986
7.055326609245818
0.5368856234177231
-1.9353609846175481
4.096270587796741
4.267262015516463
1.6281193506412082
-0.16314758943527763
0.03154541179889159
0.05433645639154827
0.4227617457730477
5.043723627327621
1.3763080560885272
1.7616286640944454
3.4625777667469375
5.894143971277083
5.714807309359394
2.7567627779875035
1.3050781966032015
5.878915856117652
-1.8537103031141273
5.069663712178196
2.8491170410550777
-3.0873123276253907
0.7182200639241685
-0.6417075105266976
2.143714581209194
4.025319292063644
-0.41915324927836717
-1.5159442382833386
3.193041999492767
3.306618965278331
0.9355643243374119
2.7428367201155037
9.686275604918938
7.322351627250022
-5.580600110817433
-4.325133079605011
-8.754935315864223
-1.3783265397540498
-0.04779445083989908
-0.8437076232858913
3.1855368609510704
3.749342885962071
-0.25390245038135784
-1.7666270897929723
7.31254622237523
2.906953391764299
2.6635064703625195
-6.284022138541562
-4.318127548681073
-3.4237874532949206
-6.158049417360857
8.813600681639423
-0.15749393244719823
7.979442199434369
6.155367214697682
-6.135445520456267
-7.997184783542353
-6.120938401986444
-6.108201048885338
2.1898993539731855
2.6092481856021017
3.760327191925173
4.121902009042015
0.8569029408288948
2.2586157256407873
-13.543161108725975
-8.544589654517877
-7.015320348477285
-8.82529381061159
2.254603588334944
-0.290971312562615
2.7148087764890048
5.100025467227107
-14.90617387432427
-13.878425632749941
-1.1221339172159068
2.5051311067230095
4.456813470591308
4.463964421712744
3.641880147556229
0.8510981553904218
-8.502149466589742
-5.673817455649444
-9.19134122104637
-3.912819595974838
-6.170933921847806
-9.500592604819701
-1.3560691961479105
1.9955897109662488
0.9973106823487268
-0.31268723024597844
-6.421345024974054
-8.883783578795494
-5.766318308005072
-8.95257256469588
-13.375304296168428
1.3282195682925397
2.7956872328553386
1.2044268706360157
-18.56941297757194
-20.469289847431767
6.994070571313108
-11.566645062416185
-12.191696683774207
-13.717394220427012
-11.625429475366241
0.17102682705086614
5.761821385904866
1.2521308378812834
2.357639391228238
3.1678632437595775
-11.513257669153324
-6.897442543455291
-10.112458269137658
-8.46899398355595
0.6548660865394234
7.624452097742159
4.554644165983818
-11.434007997481997
-9.902162988379974
-10.02865472969632
-9.310618493210592
1.628725584461628
4.72551401635633
-0.49108508587222377
-3.9377927624254405
-4.640162096165848
-3.7262366958124984
5.166821771732899
2.408893568097275
3.711401846136862
-0.17101667274724308
1.2271562649700838
-8.592509212463073
-7.7210373858364125
-9.858173774678864
-9.9923735372786
-9.368535546421429
-7.000036172704231
-5.129956065680374
-0.6461057745269683
3.138654049334427
1.446597289327195
1.6855177580836367
