2.0
1.0
1.0
2.0
1.0
2.0
4.0
7.0
1.0
2.0
1.0
5.0
1.0
1.0
1.0
1.0
3.0
1.0
2.0
1.0
1.0
1.0
1.0
1.0
1.0
1.0
5.0
2.0
1.0
3.0
1.0
1.0
5.0
1.0
1.0
2.0
1.0
1.0
1.0
2.0
3.0
1.0
1.0
1.0
1.0
1.0
1.0
1.0
1.0
1.0
1.0
1.0
1.0
5.0
3.0
2.0
1.0
1.0
2.0
1.0
1.0
1.0
1.0
1.0
1.0
1.0
2.0
4.444970221779521
5.0
1.0
2.0
1.0
1.0
2.0
1.0
1.0
1.0
1.0
2.0
1.0
7.0
4.0
1.0
2.0
1.0
2.0
12.0
5.0
1.0
15.0
1.0
2.0
2.0
2.0
1.0
1.0
8.0
1.0
4.0
1.0
1.0
16.0
3.0
3.0
1.0
2.0
1.0
1.0
6.0
7.0
1.0
2.0
3.0
2.0
2.0
3.0
2.0
1.0
5.0
1.0
3.0
2.0
2.0
1.0
1.0
1.0
10.0
10.0
1.0
3.0
2.0
1.0
2.0
5.0
2.0
1.0
3.0
1.0
1.0
1.0
1.0
1.0
1.0
1.0
7.0
1.0
1.0
13.0
1.0
1.0
1.0
10.0
2.0
2.0813529541005416
3.0
1.0
1.0
2.0
3.0
1.0
1.0
1.0
1.0
1.0
1.0
1.0
2.0
1.0
14.0
1.0
1.0
1.0
2.0
2.0
1.0
3.0
2.0
1.0
1.0
1.0
2.0
5.0
1.0
1.0
1.0
4.0
1.0
4.0
2.0
14.0
1.0
2.0
2.0
4.0
1.0
1.0
3.0
1.0
1.0
2.0
1.0
1.0
4.0
3.0
17.0
1.0
1.0
1.0
1.0
3.0
1.0
3.0
5.0
1.0
2.0
2.0
2.0
1.0
1.0
1.0
3.6775530051095338
1.0
2.0
1.0
1.0
1.0
-16.96371167864833
1.0
1.0
5.0
2.0
2.0
3.0
1.0
1.0
1.0
1.0
2.0
1.0
1.0
1.0
1.0
1.0
5.0
2.0
3.0
2.0
2.0
3.0
1.0
2.0
4.0
1.0
2.0
2.0
2.0
1.0
1.0
1.0
1.0
1.0
3.0
2.0
1.0
1.0
13.0
3.0
1.0
1.0
1.0
7.0
4.0
1.0
1.0
1.0
8.0
1.0
1.0
19.100043851339244
2.0
1.0
3.0
2.0
8.0
2.0
1.0
1.0
1.0
5.0
1.0
8.0
1.0
4.0
9.0
7.0
1.0
1.0
8.0
1.0
2.0
1.0
1.0
4.0
1.0
1.0
1.0
7.0
4.0
5.0
3.0
1.0
1.0
1.0
2.0
1.0
1.0
1.0
1.0
1.0
1.0
6.0
3.0
2.0
2.0
1.0
1.0
1.0
1.0
1.0
1.0
5.0
1.0
1.0
3.0
1.0
1.0
3.0
3.0
1.0
1.0
1.0
2.0
7.607885068921508
1.0
1.0
1.0
3.0
4.0
4.0
1.0
1.0
1.0
2.0
1.0
2.0
2.0
2.0
8.0
9.0
3.0
1.0
2.0
1.0
1.0
3.0
2.0
2.0
3.0
3.0
3.0
4.0
1.0
5.0
1.0
1.0
1.0
1.0
3.0
2.0
3.0
3.0
2.0
10.0
2.0
1.0
1.0
1.0
1.0
3.0
3.0
3.0
3.0
2.0
1.0
15.0
1.0
1.0
2.0
2.0
3.0
2.0
11.0
1.0
1.0
1.0
2.0
3.0
2.0
3.0
1.0
9.0
1.0
1.0
1.0
2.0
3.0
2.0
3.0
2.0
1.0
13.0
6.0
5.0
2.0
2.0
2.0
3.0
2.0
3.0
4.0
3.0
2.0
3.0
2.0
3.0
4.0
2.0
7.0
2.0
3.0
2.0
3.0
1.0
1.0
3.0
2.0
3.0
2.0
1.0
1.0
1.0
1.0
1.0
1.0
1.0
-13.660179953431427
1.0
3.0
2.0
1.0
3.0
7.0
2.0
13.0
6.0
4.0
1.0
1.0
1.0
2.0
1.0
3.0
2.0
10.0
2.0
14.0
1.0
1.0
1.0
9.0
3.0
14.820332706955384
1.0
1.0
10.0
2.0
1.0
1.0
1.0
2.0
3.0
7.0
5.0
1.0
1.0
1.0
2.0
6.0
2.0
2.0
4.0
2.0
1.0
1.0
1.0
3.0
2.0
2.782635517971901
3.0
1.0
1.0
1.0
5.0
3.0
5.0
1.0
3.0
1.0
1.0
2.0
2.0
3.0
2.0
1.0
2.0
1.0
1.0
1.0
2.0
1.0
1.0
1.0
1.0
5.0
1.0
2.0
1.0
1.0
1.0
1.0
1.0
4.0
1.0
1.0
14.0
1.0
4.0
1.0
13.0
11.0
2.0
2.0
1.0
5.0
1.0
11.0
1.0
1.0
1.0
1.0
1.0
4.0
1.0
1.0
1.0
1.0
3.0
1.0
3.0
1.0
5.0
9.0
1.0
1.0
1.0
1.0
4.0
1.0
6.0
13.0
1.0
3.0
3.0
4.0
1.0
3.0
1.0
4.0
1.0
14.0
9.0
12.0
7.0
1.0
1.0
1.0
2.0
4.0
4.0
6.0
10.0
8.0
21.0
4.0
4.0
3.0
2.0
4.0
1.0
2.0
12.0
11.0
1.0
3.0
4.0
1.0
1.0
1.0
1.0
3.0
6.0
7.0
2.0
5.0
3.0
3.0
8.0
10.0
2.0
19.0
8.0
5.0
1.0
3.0
2.0
6.0
2.0
2.0
1.0
2.0
3.0
8.0
9.0
6.0
6.0
1.0
1.0
2.0
2.0
2.0
8.0
4.0
5.0
8.0
7.0
13.0
3.0
9.0
2.0
1.0
3.0
5.0
1.0
3.0
1.0
1.0
7.0
8.0
1.0
2.0
1.0
1.0
6.0
1.0
1.0
1.0
5.0
15.0
1.0
2.0
7.0
5.0
4.0
5.0
4.0
16.0
10.0
2.0
1.0
1.0
1.0
1.0
1.0
1.0
2.0
1.0
7.0
7.0
4.0
1.0
2.0
1.0
2.0
1.0
1.0
1.0
1.0
2.0
2.0
1.0
1.0
1.0
1.0
1.0
1.0
1.0
1.0
1.0
1.0
1.0
2.0
2.0
4.0
1.0
1.0
1.0
2.0
7.0
1.0
1.0
1.0
1.0
1.0
1.0
1.0
2.0
3.0
6.0
7.0
4.0
1.0
3.0
1.0
1.0
1.0
1.0
1.0
1.0
1.0
1.0
1.0
2.0
1.0
1.0
2.0
1.0
1.0
1.0
2.0
1.0
1.0
1.0
1.0
1.0
2.0
2.0
3.0
6.0
1.0
1.0
2.0
1.0
1.0
2.0
1.0
1.0
13.0
19.0
2.0
1.0
1.0
4.0
1.0
1.0
1.0
1.0
1.0
1.0
1.0
1.0
1.0
1.0
1.0
2.0
1.0
1.0
1.0
16.0
15.0
1.0
2.0
2.0
2.0
1.0
1.0
1.0
2.0
1.0
1.0
1.0
1.0
1.0
2.0
1.0
1.0
3.0
1.0
1.0
1.0
2.0
1.0
1.0
12.0
7.0
1.0
5.0
1.0
3.0
1.0
1.0
1.0
2.0
3.0
1.0
1.0
6.0
7.0
3.0
5.0
3.0
1.0
1.0
3.0
2.0
1.0
7.0
16.0
1.0
1.0
5.0
3.0
1.0
1.0
3.0
2.0
1.0
1.0
1.0
2.0
3.0
3.0
1.0
1.0
2.0
1.0
1.0
1.0
2.0
30.0
1.0
4.0
7.0
1.0
1.0
1.0
1.0
1.0
1.0
1.0
2.0
1.0
2.0
1.0
1.0
1.0
1.0
5.0
24.0
4.0
2.0
1.0
1.0
1.0
2.0
2.0
1.0
1.0
1.0
3.0
1.0
2.0
1.0
1.0
1.0
1.0
1.0
1.0
1.0
2.0
1.0
1.0
1.0
1.0
1.0
1.0
1.0
1.0
3.0
1.0
1.0
1.0
3.0
5.0
2.0
1.0
1.0
1.0
2.0
1.0
2.0
1.0
3.0
1.0
1.0
1.0
1.0
2.0
2.0
2.0
1.0
1.0
1.0
2.0
2.0
4.0
1.0
3.0
1.0
4.0
1.0
1.0
2.0
1.0
1.0
4.0
1.0
2.0
1.0
1.0
2.0
4.0
1.0
2.0
2.0
5.0
1.0
1.0
2.0
1.0
1.0
3.0
1.0
1.0
3.0
3.0
5.0
3.0
4.0
1.0
1.0
1.0
2.0
1.0
2.0
1.0
2.0
1.0
1.0
3.0
1.0
1.0
1.0
1.0
2.0
1.0
1.0
1.0
2.0
1.0
1.0
1.0
1.0
1.0
1.0
1.0
1.0
4.0
1.0
1.0
1.0
2.0
1.0
1.0
6.0
1.0
1.0
1.0
2.0
2.0
1.0
1.0
1.0
2.0
2.0
1.0
1.0
2.0
1.0
1.0
1.0
1.0
2.0
1.0
9.0
1.0
-5.0
-5.0
1.0
1.0
1.0
5.0
19.084798728345206
3.0
4.0
1.0
1.0
1.0
6.0
6.0
2.0
1.0
3.0
2.0
1.0
4.0
5.0
1.0
3.0
1.0
1.0
2.0
1.0
5.0
1.0
1.0
10.0
4.0
1.0
1.0
1.0
3.0
7.0
1.0
2.0
8.0
1.0
2.0
1.0
1.0
1.0
2.0
1.0
2.0
9.0
1.0
9.0
1.0
1.0
1.0
3.0
1.0
1.0
4.0
4.0
1.0
2.0
1.0
2.0
1.0
1.0
1.0
2.0
1.0
1.0
2.0
4.0
1.0
1.0
10.08452375125147
1.0
1.0
1.0
3.0
1.0
4.0
4.0
9.0
1.0
1.0
5.0
1.0
1.0
1.0
4.0
2.0
5.0
1.0
7.0
1.0
5.0
1.0
1.0
1.0
2.0
1.0
5.0
4.0
6.0
1.0
3.0
1.0
1.0
1.0
2.0
2.0
1.0
1.0
1.0
1.0
3.0
1.0
2.0
4.0
1.0
2.0
1.0
1.0
1.0
5.0
4.0
2.0
7.0
2.0
1.0
2.0
1.0
2.0
1.0
3.0
-11.452786460634744
4.0
1.0
1.0
2.0
4.0
2.0
6.0
1.0
5.0
1.0
8.0
7.0
1.0
4.0
3.0
1.0
1.0
1.0
2.0
1.0
4.0
1.0
1.0
1.0
1.0
2.0
1.0
1.0
3.0
2.0
1.0
4.0
7.0
7.0
4.0
1.0
1.0
4.0
1.0
1.0
2.0
1.0
5.0
1.0
2.0
1.0
7.0
4.0
2.0
2.0
1.0
1.0
1.0
2.0
2.0
2.0
1.0
2.0
6.0
1.0
4.0
8.0
8.0
2.0
3.0
17.0
1.0
2.0
1.0
2.0
2.0
1.0
2.0
1.0
2.0
2.0
2.0
2.0
2.0
2.0
1.0
2.0
2.0
11.0
5.0
2.0
2.0
2.0
1.0
1.0
5.0
5.0
5.0
5.0
5.0
5.0
25.0
6.0
3.0
2.0
1.0
1.0
2.0
1.0
4.0
4.0
5.0
4.0
4.0
5.0
1.0
12.0
15.0
2.0
1.0
5.0
1.0
5.0
4.0
5.0
4.0
1.0
2.0
1.0
16.0
10.0
2.0
6.0
4.0
4.0
4.0
4.0
4.0
4.0
4.0
4.0
4.0
4.0
3.0
3.0
2.0
4.0
4.0
4.0
4.0
4.0
4.0
1.0
1.0
4.0
4.0
4.0
4.0
4.0
4.0
1.0
1.0
4.0
4.0
4.0
4.0
4.0
4.0
4.0
4.0
4.0
4.0
1.0
1.0
1.0
1.0
1.0
1.0
1.0
1.0
3.0
1.0
1.0
10.0
1.0
1.0
1.0
1.0
1.0
1.0
1.0
1.0
1.0
21.0
15.0
1.0
1.0
5.0
1.0
6.0
3.0
3.0
3.0
3.0
3.0
3.0
3.0
3.0
3.0
2.0
23.0
14.0
1.0
1.0
1.0
1.0
1.0
1.0
6.0
1.0
4.0
10.0
3.0
3.0
4.0
3.0
3.0
3.0
4.0
3.0
9.0
26.0
7.0
1.0
1.0
1.0
1.0
3.0
2.0
2.0
2.0
2.0
2.0
2.0
1.0
1.0
13.0
2.0
1.0
1.0
2.0
2.0
2.0
2.0
2.0
2.0
3.0
2.0
1.0
2.0
2.0
2.0
2.0
2.0
2.0
2.0
1.0
2.0
2.0
2.0
2.0
2.0
2.0
2.0
2.0
2.0
2.0
2.0
1.0
3.0
-6.0
-6.0
-7.0
-6.0
-6.0
-6.0
-7.0
-6.0
4.0
3.0
1.0
1.0
2.0
-6.0
-7.0
-6.0
-6.0
-7.0
-6.0
1.0
3.0
2.0
1.0
-7.0
-9.0
-7.0
-7.0
-9.0
-7.0
1.0
-7.0
-7.0
-7.0
-7.0
-7.0
-7.0
1.0
1.0
-7.0
-7.0
-7.0
-7.0
-7.0
-7.0
1.0
1.0
1.0
-7.0
-7.0
-7.0
-7.0
-7.0
-7.0
-7.0
-7.0
-7.0
-7.0
3.0
4.0
1.0
1.0
3.0
1.0
2.0
1.0
9.0
5.0
1.0
1.0
2.0
1.0
1.0
2.0
1.0
3.0
-4.595578457972094
1.0
5.0
1.0
1.0
1.0
3.0
1.0
1.0
1.0
1.0
3.0
2.0
3.0
2.0
1.0
1.0
1.0
2.0
7.0
6.0
2.0
3.0
3.0
1.0
1.0
1.0
1.0
-1.0663976566211133
2.0
5.0
5.0
7.0
1.0
2.0
1.0
9.0
2.0
13.0
1.0
1.0
1.0
5.0
5.0
2.0
4.0
1.0
5.0
4.0
2.0
2.0
1.0
2.0
15.0
17.0
4.0
5.0
7.0
13.0
1.0
3.0
1.0
1.0
1.0
12.0
5.0
5.0
1.0
11.0
2.0
4.0
2.0
1.0
1.0
4.0
2.0
1.0
1.0
2.0
1.0
1.0
2.0
1.0
1.0
2.0
6.0
1.0
1.0
2.0
4.0
7.0
3.0
2.0
2.0
3.0
1.0
1.0
1.0
1.0
1.0
2.0
1.0
1.0
1.0
1.0
1.0
1.0
1.0
1.0
2.0
6.0
2.0
1.0
4.0
1.0
1.0
1.0
1.0
3.0
1.0
2.0
1.0
1.0
1.0
1.0
1.0
1.0
1.0
1.0
1.0
1.0
1.0
1.0
4.0
1.0
1.0
4.0
4.0
2.0
2.0
5.0
5.0
2.0
4.0
4.0
3.0
2.0
2.0
4.0
2.0
2.0
1.0
1.0
2.0
2.0
2.0
1.0
1.0
1.0
1.0
2.0
1.0
1.0
1.0
2.0
1.0
4.0
1.0
1.0
1.0
1.0
4.0
3.0
1.0
5.0
5.0
1.0
2.0
2.0
1.0
3.0
3.0
4.0
3.0
3.0
5.0
1.0
3.0
4.0
2.0
1.0
1.0
1.0
2.0
1.0
3.0
3.0
3.0
3.0
3.0
2.0
4.0
2.0
1.0
4.0
2.0
1.0
2.0
2.0
1.0
5.0
4.0
4.0
5.0
1.0
1.0
2.0
1.0
1.0
1.0
5.0
5.0
6.0
10.0
1.0
1.0
7.0
2.0
1.0
10.0
4.0
3.0
3.0
1.0
7.0
1.0
11.0
1.0
2.0
2.0
1.0
3.0
2.0
1.0
1.0
5.0
-5.511648061806103
1.0
7.0
3.0
1.0
2.0
8.185889220137362
1.0
2.0
1.0
1.0
1.0
1.0
2.0
7.0
6.0
1.0
2.0
1.0
1.0
1.0
1.0
1.0
7.0
1.0
1.0
1.0
2.0
1.0
1.0
4.0
1.0
3.0
6.0
1.0
2.0
3.0
15.0
3.0
2.0
3.0
4.0
1.0
6.0
6.0
4.0
2.0
1.0
1.0
1.0
1.0
1.0
1.0
3.0
7.0
1.0
3.0
1.0
1.0
1.0
3.0
2.0
1.0
2.0
2.0
1.0
1.0
3.0
3.0
3.0
1.0
1.0
4.0
3.0
3.0
3.0
1.0
1.0
1.0
4.0
4.0
4.0
2.0
3.0
1.0
2.0
1.0
1.0
1.0
2.0
2.0
3.0
4.0
4.0
2.0
6.0
3.0
1.0
2.0
1.0
1.0
1.0
2.0
2.0
3.0
1.0
13.0
3.0
1.0
1.0
6.0
1.0
1.0
1.0
4.0
1.0
2.0
2.0
2.0
4.0
3.0
3.0
1.0
1.0
1.0
2.0
2.0
2.0
3.0
3.0
1.0
2.0
2.0
2.0
1.0
1.0
1.0
1.0
2.0
1.0
2.0
2.0
1.0
1.0
2.0
2.0
1.0
2.0
6.0
6.0
2.0
3.0
2.0
2.0
2.0
2.0
2.0
2.0
6.0
6.0
2.0
3.0
2.0
2.0
2.0
2.0
21.0
3.0
4.0
1.0
2.0
2.10408773845106
8.0
1.0
7.0
2.0
1.0
2.0
3.0
4.0
4.0
1.0
16.0
1.0
6.0
3.0
1.0
1.0
2.0
10.0
1.0
10.0
3.0
3.0
2.0
1.0
4.0
3.0
1.0
2.0
1.0
1.0
4.0
1.0
3.0
1.0
2.0
2.0
1.0
1.0
1.0
1.0
3.0
1.0
1.0
2.0
1.0
1.0
1.0
1.0
1.0
1.0
1.0
1.0
1.0
1.0
1.0
4.0
3.0
1.0
1.0
1.0
1.0
1.0
1.0
2.0
2.0
1.0
4.0
1.0
4.0
1.0
1.0
1.0
1.0
2.0
1.0
3.0
2.0
1.0
1.0
2.0
2.0
6.0
24.0
4.0
1.0
3.0
2.0
1.0
1.0
16.0
35.0
3.0
1.0
1.0
1.0
1.0
1.0
1.0
3.0
5.0
1.0
1.0
-13.860836175391329
7.0
5.0
5.0
2.0
3.0
1.0
1.0
1.0
8.0
1.0
5.0
3.0
2.0
9.0
6.0
1.0
16.343565764785353
13.0
1.0
7.0
7.0
1.0
1.0
1.0
1.0
1.0
4.0
6.0
3.0
2.0
1.0
8.0
6.0
1.0
1.0
1.0
2.0
3.0
1.0
2.0
8.0
1.0
2.0
9.0
2.0
1.0
1.0
1.0
1.0
1.0
4.0
1.0
1.0
4.0
5.0
1.0
1.0
2.0
3.0
2.0
1.0
2.0
5.0
6.0
4.0
6.0
8.0
11.0
7.0
6.0
1.0
1.0
1.0
4.0
1.0
3.0
4.0
5.0
12.0
5.0
2.0
3.0
1.0
4.0
2.0
1.0
1.0
1.0
3.0
4.0
3.0
2.0
2.0
3.0
5.0
1.0
7.0
5.0
2.0
2.0
3.0
1.0
1.0
1.0
1.0
2.0
1.0
2.0
1.1784480696097717
1.0
12.0
10.0
8.0
6.0
5.0
1.0
1.0
1.0
3.0
1.0
1.0
1.0
3.0
4.0
1.0
2.0
1.0
1.0
1.0
2.0
1.0
1.0
8.0
1.0
1.0
2.0
2.0
5.0
2.0
2.0
1.0
1.0
3.0
2.0
3.0
1.0
6.0
-4.90732927552672
1.0
1.0
6.0
6.0
6.0
9.0
3.0
13.0
10.0
1.0
1.0
11.0
1.0
1.0
3.0
8.0
9.0
2.0
1.0
2.0
3.0
3.0
3.0
1.0
1.0
1.0
5.0
5.0
2.0
1.0
2.0
2.0
3.0
1.0
1.0
5.0
1.0
1.0
1.0
1.0
2.0
1.0
2.0
1.0
3.0
4.0
1.0
2.0
1.0
2.0
1.0
11.930581008240203
1.0
2.0
2.0
1.0
1.0
2.0
2.0
1.0
1.0
1.0
1.0
1.0
1.0
8.0
2.0
1.0
5.0
6.0
2.0
1.0
1.0
1.0
6.0
2.0
3.0
4.0
3.0
1.0
1.0
2.0
2.0
1.0
1.0
11.0
1.0
1.0
2.0
4.0
5.0
3.0
1.0
4.0
0.02980360093586043
14.0
4.0
7.0
1.0
1.0
2.0
1.0
1.0
1.0
1.0
1.0
1.0
3.0
1.0
9.0
2.0
2.0
1.0
1.0
7.0
1.0
8.0
1.0
1.0
1.0
1.0
2.0
1.0
1.0
1.0
1.0
1.0
1.0
1.0
1.0
1.0
1.0
1.0
4.0
4.0
3.0
2.0
1.0
1.0
1.0
1.0
3.0
1.0
1.0
1.0
1.0
1.0
1.0
1.0
1.0
2.0
1.0
3.0
3.0
1.0
1.0
3.0
5.0
9.0
7.0
2.0
2.0
1.0
1.0
1.0
2.0
-11.73212333322319
1.0
1.0
2.0
3.0
1.0
1.0
2.0
2.0
1.0
1.0
1.0
1.0
2.0
1.0
1.0
1.0
1.0
2.0
4.0
12.0
7.0
6.0
6.0
9.0
11.0
2.0
8.0
10.0
6.0
11.0
1.0
1.0
4.0
1.0
10.0
11.0
3.0
8.0
12.0
10.0
1.0
1.0
1.0
1.0
7.0
7.0
13.0
7.0
2.0
1.0
1.0
1.0
2.0
1.0
1.0
5.0
1.0
2.0
1.0
1.0
3.0
1.0
3.0
1.0
1.0
1.0
1.0
1.0
1.0
1.0
1.0
4.0
1.0
1.0
2.0
1.0
-11.891817403126733
3.0
1.0
1.0
2.0
1.0
1.0
2.0
3.0
1.0
2.0
1.0
1.0
1.0
1.0
1.0
1.0
2.0
1.0
2.0
1.0
2.0
5.0
6.0
1.0
2.0
1.0
1.0
3.0
1.0
1.0
2.0
3.0
3.0
1.0
1.0
2.0
5.0
5.0
1.0
1.0
4.0
3.0
2.0
1.0
1.0
1.0
1.0
2.0
3.0
1.0
1.0
4.0
4.0
3.0
-2.0
-3.0
2.0
1.0
1.0
2.0
10.0
1.0
1.0
1.0
2.0
3.0
4.0
1.0
2.0
1.0
17.0
1.0
1.0
1.0
1.0
2.0
1.0
1.0
1.0
4.0
4.0
1.0
3.0
1.0
1.0
2.0
1.0
1.0
1.0
2.0
2.0
1.0
1.0
1.0
1.0
2.0
3.0
2.0
2.0
3.0
1.0
1.0
1.0
2.0
3.0
1.0
1.0
2.0
4.0
2.0
1.0
1.0
1.0
1.0
2.0
3.0
1.0
4.0
1.0
1.0
1.0
4.0
4.0
1.0
1.0
2.0
2.0
2.0
2.0
1.0
2.0
1.0
4.0
2.0
1.0
6.0
10.0
8.0
5.0
4.0
4.0
6.0
2.0
1.0
1.0
1.0
1.0
1.0
2.0
2.0
3.0
2.0
3.0
2.0
2.0
1.0
1.0
1.0
1.0
1.0
1.0
6.923297190553463
2.0
5.0
1.0
1.0
5.0
1.0
5.0
1.0
2.0
5.0
3.0
2.0
1.0
1.0
1.0
1.0
1.0
1.0
1.0
2.0
1.0
1.0
1.0
1.0
3.0
3.0
2.0
4.0
1.0
1.0
1.0
1.0
1.0
1.0
1.0
3.0
5.0
1.0
1.0
1.0
10.163582447572715
2.0
1.0
1.0
5.0
1.0
1.0
5.0
1.0
1.0
7.0
7.0
1.0
1.0
4.0
2.0
1.0
2.0
1.0
1.0
1.0
3.0
5.0
2.0
5.0
1.0
2.0
4.0
1.0
3.0
1.0
1.0
1.0
1.0
-2.0
-2.0
-3.0
1.0
1.0
2.0
2.0
3.0
2.0
2.0
1.0
1.0
1.0
-2.0
-2.0
-2.0
-2.0
-2.0
2.0
1.0
2.0
1.0
1.0
1.0
1.0
2.0
2.0
2.0
2.0
4.0
1.0
1.0
1.0
1.0
2.0
1.0
1.0
1.0
1.0
7.0
1.0
1.0
1.0
2.0
1.0
1.0
1.0
1.0
1.0
12.0
1.0
1.0
1.0
1.0
1.0
2.0
1.0
1.0
1.0
1.0
1.0
2.0
1.0
2.0
4.0
3.0
1.0
1.0
3.0
1.0
1.0
1.0
1.0
1.0
1.0
1.0
1.0
1.0
3.0
7.0
2.0
1.0
1.0
1.0
1.0
1.0
1.0
1.0
1.0
1.0
1.0
1.0
1.0
1.0
1.0
1.0
1.0
6.0
1.0
1.0
1.0
1.0
1.0
1.0
1.0
1.0
1.0
1.0
1.0
1.0
1.0
1.0
1.0
1.0
1.0
1.0
4.0
1.0
1.0
1.0
1.0
1.0
1.0
1.0
1.0
-4.0
-4.0
-4.0
-4.0
-4.0
1.0
1.0
1.0
5.096197396110512
2.0
-5.0
-5.0
-5.0
-5.0
1.0
1.0
-7.0
-7.0
-7.0
1.0
1.0
1.0
1.0
1.0
-3.0
-3.0
-3.0
-3.0
-3.0
2.0
1.0
1.0
1.0
4.0
4.0
1.0
1.0
1.0
1.0
1.0
3.0
1.0
1.0
3.0
3.0
2.0
1.0
1.0
1.0
1.0
1.0
2.0
2.0
1.0
2.0
2.0
1.0
1.0
1.0
2.0
2.0
1.0
1.0
3.0
3.0
3.0
1.0
1.0
3.0
1.0
1.0
2.0
1.0
1.0
1.0
2.0
1.0
1.0
1.0
1.0
3.0
1.0
1.0
1.0
1.0
1.0
1.0
1.0
4.0
2.0
5.0
1.0
2.0
2.0
3.0
2.0
1.0
3.0
1.0
2.0
2.0
2.0
2.0
1.0
1.0
1.0
1.0
6.0
3.0
6.0
1.0
1.0
1.0
3.0
1.0
4.0
5.0
1.0
1.0
1.0
1.0
1.0
16.0
1.0
2.0
12.0
2.0
2.0
3.0
8.0
13.0
5.0
2.0
1.0
2.0
6.0
4.0
4.0
2.0
1.0
3.0
2.0
1.0
1.0
1.0
3.0
2.0
1.0
3.0
1.0
1.0
1.0
3.0
1.0
1.0
1.0
2.0
3.0
7.0
4.0
3.0
1.0
2.0
2.0
2.0
1.0
1.0
1.0
1.0
1.0
1.0
1.0
1.0
1.0
1.0
1.0
1.0
1.0
1.0
1.0
1.0
1.0
1.0
1.0
1.0
1.0
1.0
1.0
1.0
2.0
2.0
2.0
2.0
3.0
1.0
3.0
1.0
1.0
1.0
1.0
1.0
2.0
1.0
1.0
1.0
2.0
1.0
1.0
1.0
4.0
3.0
1.0
1.0
1.0
1.0
1.0
1.0
1.0
1.0
5.0
3.0
2.0
1.0
1.0
1.0
1.0
1.0
1.0
1.0
1.0
3.0
4.0
3.0
1.0
1.0
1.0
1.0
1.0
1.0
1.0
1.0
1.0
1.0
1.0
1.0
1.0
1.0
1.0
1.0
1.0
2.0
1.0
1.0
1.0
1.0
1.0
1.0
1.0
2.0
1.0
1.0
1.0
1.0
1.0
1.0
1.0
1.0
1.0
17.003160452018335
1.0
1.0
3.0
8.0
2.0
1.0
2.0
1.0
1.0
4.0
1.0
1.0
1.0
1.0
1.0
7.0
5.0
2.0
3.0
1.0
1.0
2.0
1.0
1.0
2.0
2.0
2.0
2.0
3.0
1.0
1.0
3.0
2.0
3.0
3.0
1.0
1.0
1.0
1.0
2.0
2.0
3.0
2.0
3.0
1.0
1.0
2.0
1.0
2.0
2.0
2.0
2.0
3.0
1.0
2.0
2.0
1.0
1.0
1.0
1.0
1.0
1.0
1.0
1.0
1.0
2.0
1.0
1.0
1.0
3.0
1.0
1.0
1.0
1.0
1.0
1.0
1.0
2.0
1.0
4.0
1.0
5.0
1.0
4.0
1.0
8.0
1.0
3.0
3.0
4.0
1.0
2.0
2.0
1.0
1.0
3.0
2.0
3.0
1.0
2.0
1.0
1.0
2.0
1.0
1.0
4.0
6.0
1.0
1.0
1.0
2.0
2.0
1.0
1.0
3.0
5.0
4.0
1.0
1.0
5.0
1.0
1.0
2.0
1.0
1.0
1.0
17.70026622072234
2.0
1.0
4.0
2.0
6.0
1.0
1.0
1.0
1.0
6.0
4.0
1.0
1.0
3.0
-5.008998893252423
2.0
9.0
3.0
3.0
3.0
3.0
2.0
5.0
13.0
5.0
5.0
5.0
5.0
3.0
2.0
2.0
3.0
11.0
1.0
1.0
2.0
18.0
11.0
5.0
5.0
5.0
5.0
5.0
5.0
2.0
1.0
3.0
3.0
2.0
1.0
2.0
1.0
1.0
21.0
6.0
6.0
6.0
6.0
1.0
2.0
3.0
2.0
5.0
3.0
2.0
5.0
13.0
5.0
5.0
5.0
5.0
2.0
6.0
2.0
17.049632213747785
5.0
5.0
5.0
5.0
2.0
1.0
2.0
1.0
2.0
4.0
3.0
12.0
4.0
4.0
4.0
4.0
4.0
4.0
4.0
1.0
9.0
1.0
10.0
4.0
1.0
21.0
6.0
6.0
6.0
6.0
1.0
2.0
1.0
1.0
1.0
4.0
3.0
5.0
6.0
1.0
1.0
3.0
15.0
1.0
1.0
5.0
5.0
5.0
5.0
1.0
1.0
7.0
4.0
1.0
10.0
1.0
1.0
5.0
5.0
5.0
5.0
1.0
7.0
10.0
5.0
5.0
5.0
5.0
2.0
1.0
4.0
2.0
1.0
3.0
5.0
4.0
2.0
2.0
5.0
5.0
5.0
5.0
5.0
5.0
5.0
1.0
1.0
2.0
3.0
1.0
1.0
3.0
11.0
1.0
1.0
4.0
2.0
1.0
1.0
1.0
1.0
1.0
1.0
2.0
2.0
9.0
2.0
1.0
1.0
3.0
1.0
4.0
3.0
1.0
3.0
1.0
1.0
20.0
1.0
4.0
4.0
4.0
4.0
4.0
4.0
4.0
4.0
1.0
1.0
4.0
1.0
1.0
2.0
1.0
9.0
3.0
1.0
1.0
37.0
6.0
6.0
6.0
6.0
6.0
6.0
1.0
1.0
1.0
1.0
1.0
1.0
1.0
6.0
16.0
5.0
5.0
5.0
5.0
1.0
1.0
27.0
6.0
6.0
6.0
6.0
1.0
1.0
8.0
1.0
2.0
1.0
30.0
6.0
6.0
6.0
6.0
6.0
1.0
1.0
1.0
1.0
8.0
2.0
2.0
2.0
5.0
5.0
2.0
7.0
3.0
30.0
5.0
5.0
5.0
5.0
5.0
5.0
3.0
10.0
6.0
1.0
10.0
5.0
4.0
1.0
6.0
8.0
1.0
6.0
6.0
6.0
6.0
2.0
3.0
4.0
4.0
5.0
2.0
1.0
1.0
9.0
5.0
5.0
5.0
5.0
1.0
1.0
1.0
2.0
2.0
1.0
7.0
5.0
5.0
5.0
5.0
5.0
5.0
5.0
1.0
2.0
2.0
7.0
6.0
6.0
1.0
6.0
2.0
9.0
3.0
5.0
1.0
1.0
2.0
5.0
1.0
1.0
6.0
4.0
9.0
1.0
-5.758364621910745
1.0
1.0
2.0
10.0
6.0
2.0
2.0
5.0
5.0
1.0
1.0
2.0
4.0
5.0
13.0
1.0
1.0
11.0
1.0
1.0
4.0
4.0
3.0
1.0
2.0
1.0
1.0
1.0
2.0
4.0
4.0
5.0
1.0
1.0
1.0
7.0
1.0
5.0
2.0
1.0
1.0
2.0
1.0
2.0
1.0
1.0
3.0
3.0
2.0
1.0
5.0
5.0
-5.0
-5.0
-5.0
-5.0
1.0
2.0
1.0
2.0
1.0
1.0
7.0
1.0
3.0
-7.0
-7.0
-7.0
-7.0
1.2990973651520648
3.0
7.0
2.0
-7.0
-9.0
-7.0
-7.0
1.0
2.0
2.0
2.0
1.0
2.0
-9.0
-9.0
-9.0
-9.0
1.0
1.0
1.0
1.0
-17.0
-17.0
1.0
2.0
2.0
1.0
2.0
1.0
-7.0
-7.0
-7.0
-7.0
-7.0
-7.0
1.0
2.0
2.0
1.0
-7.0
-7.0
-7.0
-7.0
-15.0
1.0
1.0
2.0
-18.0
-18.0
5.0
-10.0
-10.0
-10.0
-10.0
1.0
5.0
1.0
2.0
4.0
-9.0
-9.0
-9.0
-9.0
2.0
5.0
17.439712187631393
-9.0
-9.0
-9.0
-9.0
1.0
1.0
-5.0
-5.0
-5.0
-5.0
3.0
2.0
1.0
1.0
2.0
-9.0
-9.0
-9.0
-9.0
-9.0
-9.0
-9.0
1.0
1.0
2.0
1.0
