1.879734500661376
2.0861798691780398
1.0759157878488972
1.6663283121518395
3.1435821047501955
1.6371256854643363
4.102688117321044
5.940981777143119
0.8911491703998122
3.07261170097347
-0.5871889693408274
3.533341161223672
2.2986512676388484
0.838366340936445
1.4228782188262656
0.14937812249846782
3.1732107709880037
2.9160131288246416
0.7803912096960146
-0.3607238562783892
0.11439123229949999
-0.9831874346681682
2.443365864256646
1.5456321904432093
1.0929563437173502
2.0358658066966226
5.379949254515373
1.5783095328003274
0.2087596447860336
0.9377820817614373
1.65696597548132
1.057279258626995
5.676470205961628
0.6508568764791332
1.0165204608563703
3.3476064798502505
2.7399798115969656
0.29001027055862694
0.594066960571719
1.2917958831248875
2.7573138236521197
2.6152370198714308
-1.2461390674430661
0.7920867311846438
1.3290832168429412
1.7983907014034346
1.2913281430832095
-0.5103816628303699
0.33448278735894466
2.1383523839364953
0.7275577362000736
1.4855002337174776
0.4978068345521536
6.548366672029961
3.451590847306126
2.4453113050192616
2.7342672518306173
-0.6102082764501267
3.2193795656535227
1.7400957211987982
-0.8453480347432036
2.7337050099200018
0.28274542046179496
0.4949586358380713
0.6395563661263208
1.3535801666620841
2.643034424853327
2.340306676895162
5.916681853669819
2.003417324509515
2.2221856592313354
-0.6709281396047193
0.6593521933628275
-0.24211710437025902
0.023346932714106927
1.035693555599023
2.8855876921138517
1.3586303091393743
2.3786423365109517
-0.5612948017701023
7.400866146957914
5.038873854183695
1.846428506217826
0.7176993226121726
2.607721758334119
1.8070720212955944
10.501710446673156
5.254791671682907
0.24662189033658843
14.823928122636158
1.0662127436801434
1.9491013657528362
3.195848768759778
2.919561754291893
1.4788419065296188
0.576316110303585
7.611790682423438
0.11953397852495473
3.708676091707742
2.4213207753566985
1.413754977160877
16.24655417703566
1.8912720450451286
1.6403495638957954
1.5721351153477479
2.1105642792508217
0.060537703525577635
1.9622324018077597
7.62585733971658
5.445282561201317
-0.441565299464864
1.2079516287483187
3.731556558454493
0.7589813179625471
2.501068682792244
4.233142564257108
1.2423016942257967
1.2232500251032532
4.488016399174683
0.41097639717441026
3.685395872576694
3.1296910621029577
-0.12629995093306734
-0.01875681856540745
1.5546657940832016
0.7383330466117675
9.31170957283727
9.645535887978083
1.4710785807938673
2.553603546953788
2.9917969835729608
0.08193044961705231
1.9837161799182275
5.826512801695227
1.37501692518827
1.4619350357168448
1.8322567644165237
0.3187120946666797
2.085674138629935
2.2479908784963243
0.4509231281622852
-0.5559562364761259
0.2965377384398995
0.43013451125233226
7.579568638760987
-0.02052989110015213
2.0257230232741907
14.174448496739053
1.2164147387673743
1.4410193842652579
-0.32177099399483966
11.394041422274473
4.3380898441236635
0.3016795575238176
4.613014798927281
-0.028578429778779224
1.4093754427507417
1.8284898299190584
4.321916833747141
-1.706846317095745
0.6138466048534681
1.4468953360390344
2.283732039104549
2.543645019787884
1.8220153530330283
2.37836436167862
1.652165420862086
2.105961446070335
14.519585229415313
1.43738845887878
1.4015356279488256
1.0497330562294775
0.8903860594215749
4.394503894410008
0.3819934743805957
3.356190968001859
0.6296728111682386
3.361734954197292
0.5425585273905633
0.8328545928114859
3.427587481871046
6.5378099541774946
-1.0360268092538107
0.8794553437523287
2.5417302995941498
4.1178111538978825
1.6471381850873177
4.480440541001449
1.4676453237810703
11.991262191227229
2.67245361257401
1.5720852355682102
0.7897756727247736
3.482618542388586
1.1052276639712515
-0.1190151548238545
2.369580364967174
2.7896637728959215
-1.0871157423445643
3.9916673812100867
0.46648667348672745
2.3803205969315417
4.575586610711149
4.2207487254380265
16.567084442787383
1.3109938341957443
-0.9497759113973128
1.4631690167112268
0.7243997800162232
3.7323400656831898
1.4196394774163712
4.188853176794181
6.281732739413987
-0.7900298467680964
1.7079033709600933
2.134444520714234
1.3114209740851488
3.0038750912445646
0.6470663044825846
-0.005112156038500126
3.6375403744240185
0.7493316732046424
2.802024850709352
-0.2018745033576439
1.4401448699853185
1.7485554637495186
0.16710040034953777
0.45801716983884133
2.0075397029971143
6.463278995987743
2.4606614573755676
1.4400617390068562
4.113954595356163
1.3665960213530257
0.7026868613893795
2.851327042828098
1.8227052695855117
1.6455533057717302
1.0400847697764242
1.8703557413608303
0.8817233443924237
-0.6098948210798385
1.4271961220480869
5.24354820785245
1.7070941592376416
2.7069343692001153
2.345767063950359
1.4280515782669068
2.3150912755935895
0.118923830367196
1.0156560198315325
5.00935740403636
-0.9389153379050248
1.8975066300399577
3.067285491950173
2.291082819807207
1.4726958996087254
2.1139527939748715
-1.0747025860323558
1.7896630142612577
1.035319544947403
3.598470781135041
1.9764912574493823
2.1164768479789844
0.6416930717772977
13.290980468903355
2.2182332560205853
2.7108644695382322
3.037937328249101
1.8470714543897844
7.456987631538638
3.8478048190378518
0.49045489149742605
1.7066898158630588
-0.3153897502892038
8.297831269885233
1.3179337888784053
1.0302819594584032
6.38751100744906
1.4232457142601054
0.8942917178303125
4.387081988005794
1.093794053272633
6.946167373098461
1.6290402879697445
1.7164145752674638
2.913214102027009
1.6554779701595546
3.810250272580139
0.9465895339675445
9.099538256985051
0.7827259072383488
3.9869582517465387
7.777653250929012
9.124856722347655
-0.33747703816047836
1.3514873763559365
7.420607814872125
-0.2633490033543935
4.633793777471633
-1.1796790287370158
0.04867867119944136
4.105464532094263
0.8052766199777461
1.9750916638710874
-1.0856983913371778
6.706710543539622
3.992263568649573
5.421192534991801
2.5939205738067743
1.286940931721401
0.9678274030152096
0.15331780968660125
3.4928183063371065
0.9308546024658346
1.985952848881559
2.5337490098325457
1.932124807330919
2.4343652246636998
0.5728596988093566
5.965242645594659
3.209656123406874
2.843151418457877
1.247057141041728
1.3645762825562344
0.2412378433763418
1.2918964898444782
0.4534142394709677
1.6089854221894941
1.7046205589193375
5.257925777049112
0.9156986334188668
0.6797598915656373
4.09139919133537
2.265458330571188
0.8843712409424109
2.8628896540968944
2.6290337465262246
0.8602481177472765
0.12362802992108679
1.346861505821082
2.7745095427392665
2.5273815208671104
1.1924509220040533
1.8584967598755706
1.5344911691109293
3.30588414545391
3.545233245216158
3.476613748265587
2.289563867147015
2.38284940136002
-0.4380132526046221
1.5284635794073054
1.2029285022108005
1.596268262080017
3.618861932928975
1.912386217140632
8.43929589173227
8.220867412286019
2.5282848181474025
-0.5092572032027145
3.2488892101487705
-0.025021259821088604
0.9927716790057615
3.016248188514967
2.1762604879533782
2.2468954330863617
2.90929914212323
3.307001042423062
4.319515000586511
5.277773258751255
0.22638162390322525
6.355082755796925
1.760826105227131
1.5692193324397317
2.1258304836947803
1.724427126070402
4.02224475158118
2.9829252453901063
3.1508960237301133
3.660234426179808
2.683069246344422
8.178058732339963
1.444037515028588
0.14584061837759998
0.2822644506701839
-1.5009923345691978
0.9288461878912051
2.9485277132786365
3.887130072198181
3.198247447873917
2.4260633994944305
3.8902161039500447
-0.06069157831662686
15.326201409446254
-0.023455125850315284
0.5290501605127926
2.652662446725934
3.51294989397507
1.86833050822333
2.287484726712328
11.52166011368371
2.08227697640449
2.1024474341423742
1.893394957563002
1.5213843073071835
2.118458834464837
0.2702054882040892
3.6129502925519716
0.7999557421455337
9.151295060371645
0.398633306782898
-1.1209869455420267
1.7056675832102763
1.568091759807433
3.3503942412086047
0.09498320464210241
3.522185209770253
0.48937279738708317
0.7211978424168664
12.687693639855429
8.368185673680799
4.590756215843128
3.0865685699998666
3.270723483525554
3.2106984366107802
3.227394712818618
2.524942254729715
3.351705490965577
4.256264447415322
2.9265957108945235
0.3763326351570553
3.1021650982414144
2.576622260288203
2.792295332086023
4.085495614028911
2.415605068450301
4.9807949611642695
3.1601086255020903
1.2567057922610336
1.7834646928884874
3.091802280738552
1.8307204843788594
0.5758936562348507
2.4434267094704727
1.4452106313615305
2.0670490849881817
2.0951143941944586
0.14587277644829588
-0.06459974620387432
0.07483669091750467
1.3597461628948586
1.328954355608328
1.0921392497941738
0.48395330642456913
1.0432855280694429
1.683999313620309
2.5457741597248775
0.936189848310554
1.740795238731798
2.6009233379032235
8.789307668966252
1.666238216369895
13.909628724681053
5.877099335831588
4.075925157406054
-0.7138361286755412
-0.1513962328248304
1.5917666560947341
0.9702859907654959
0.9623204068844551
1.2986192343728984
2.2175701702462622
12.03709640377543
3.563133489657769
13.655485767622823
1.9963529608079353
1.3113629181497233
2.5854187032914338
9.488903181284684
3.278089966694603
0.9403376327447421
1.2949984376802892
0.7580305299712127
11.132098984075347
3.3619687782216534
1.9921427079809233
0.9028273086285232
0.658149677101759
1.49808022376353
3.155256579564616
7.444383873217655
7.0975254689888105
1.8986854315421497
0.26815055035147295
1.8594151362525715
1.532647462084189
4.622108817288801
3.3123554777903594
2.743908194108427
3.7985979348321997
3.3119154299697717
-0.21010035992895304
1.9730989494274267
3.64968847361373
2.6200207211540936
-0.1911969794022701
10.35187530483825
1.1162246509929565
-0.5898785140662759
1.4206995695275817
2.812283193119872
5.708095404900883
5.293495820798716
7.522137297879785
1.287121758348789
3.389945758938792
1.604950308246814
2.279373186202551
2.2863267720915976
2.1324541943167397
4.813035823456423
0.680852167150487
3.3338077512821473
3.7009040954952366
0.343057863166359
0.4293261008337954
2.318423195145875
2.907197066574205
0.4358014582951446
-0.13210096554587603
-0.5032469155715822
0.49785133257453795
5.915350258589847
1.4302055520371886
1.0864553508126353
2.8147587703437225
2.38974782270201
1.2977063829947912
1.9450094964036526
1.9739935890167801
3.254635850937006
2.2556768907865417
1.0150730083828896
12.40703959649726
0.531018856583996
4.610521052179749
1.0710026170231655
12.8663130869027
11.01700728201537
3.1262805492380332
2.739412704609834
1.770471517721164
5.824740546094738
-0.07710541318628472
11.926857100360488
1.1987322963232958
-0.35358786851432145
-0.19427395568307215
0.844066832984663
0.6207891684837574
3.7530523381668877
0.8380192516432388
0.5923027224992905
0.8168528535520521
0.6516072539415723
3.37102232739889
2.1564171209201786
4.139241206007825
0.18355430828407315
5.345932776341279
8.961110910539093
1.102331908024311
-0.44979638193219174
0.8953172090169874
0.7634170200702337
3.76928746030781
2.1439834150212134
6.329172382658742
13.181904218409391
1.1934371550434273
3.48609473199991
1.6149269892409546
3.9795302999119926
2.6142052530970985
3.9047932826842437
-0.22925207680287985
2.93253878609667
1.3327989378422844
15.811207012751108
9.189625052960128
12.724645009985617
5.972643544868717
-0.010632647070606405
1.0976179436794542
1.069352831609307
3.6752910706891186
2.6128595983157705
4.590363688217755
6.198811956594832
11.343243391966169
6.444219403991083
19.4452870817893
4.558702787088112
2.6101369882015124
2.109937395610185
2.469358615602623
4.431424146589716
1.2140209108147186
0.9360596775922767
12.397864940144927
10.248795942228437
-0.005118010400888773
3.7140432593514174
3.6478626934282885
1.9207122965385655
0.7752730641724852
1.5524242661889145
0.5351690374094753
2.92451508585223
6.515078386563598
8.298899081216469
1.4680343065834585
5.137861260645793
3.546077153641953
4.452334124667143
9.074378906393306
8.923626599035536
2.708048949475949
19.297919203109405
8.021746417629277
4.183344727730561
-0.3301793796506354
3.5030058932101076
3.28149965660231
7.0626329427368555
2.6621688899341485
1.7025377538513022
1.1020750897316258
2.982198065675303
4.029039494321614
8.331343685791374
9.234853456944535
5.853112295277376
5.332515798940123
0.6574113248120461
1.0439317861821786
1.226300497908912
1.4218977892422162
2.3064309385227344
7.287867003041606
3.476277125664166
4.391962107622252
9.00185232566351
8.315154377703628
14.389798554705772
2.15872464689289
9.27312814812628
3.320229966859724
0.7499990260572476
2.9048249062468376
3.4742415958763138
1.1001023968190835
3.843224669239638
3.2507964613615723
0.6037937069706283
7.781825362138391
7.127591533799218
2.9713323938682974
4.938422503057569
0.31915765583365663
2.0065437638763997
3.7196544105817004
0.5095010707806915
0.14278759504997773
0.07908546074977396
3.5825561182805723
15.743799394473871
2.941434161662963
2.898361665580303
8.575352305488261
6.493077272329646
4.432336842341568
4.854032038929157
1.6447756246933034
16.995948324473577
10.059265804211634
2.161696311069434
1.4145050322581165
0.5264303593654145
0.43215200760659966
1.4074544751215363
3.2743665095328325
2.4945574295092983
3.148883234967456
0.6670010757012934
6.753302595064081
7.667315506858946
2.229138024778858
2.8168404897970167
2.8409843430068125
0.921270294930727
3.877708969377337
1.2056402852526642
-0.6150017422381948
0.6126467835659266
-0.8218406296349823
3.9196093311856837
3.0519154903513863
1.0746571529421414
0.7360071064443285
0.4388653392876265
1.57956034781478
0.06466144464971624
0.7401801021737344
0.09984607803866652
0.9279838232685689
1.6703792710636742
1.966181816135739
0.5737578220426629
-0.05452944481471289
0.6509814819003974
4.48850576604055
3.314950477902201
0.2719636731900956
0.34612637657358425
2.411381881713058
7.139422523723309
2.399380117319727
-0.18321097382807694
-0.17285520841272994
0.8972466866046303
2.3800646018382805
-0.29138863022353245
0.8092544466945946
0.6269244522446216
3.686673168614262
5.1143206829701855
9.264211178396895
4.503155985547237
1.0815303799420857
4.175400842539862
0.7238673882639513
1.305322542618081
-0.0326783116360132
1.4301591027511205
2.133603853638782
-0.5051485291269993
0.5561883174842408
0.7376299116144185
0.3138984145943007
1.6805942477663394
-0.10399659224178648
-0.2712929144238603
1.9448261365959973
0.6484981819308724
-0.9345947410456785
0.44646722937263394
0.5441583272196941
0.4231138621500732
0.9617000964055169
-1.0402227535242028
1.1512850217232757
0.49736488634879317
1.5782777107208477
1.9248409999270042
4.91610637827311
5.948080659248281
1.278252681691571
2.523890540207307
0.8753557549676003
1.9157213307468546
1.0497968143487766
3.7568772370902117
2.0957655034127933
1.1254740641056014
13.698464384680356
18.997269107452137
1.852369991253272
2.549721399144776
1.4568571272715716
2.3279436037529786
1.5043725459425101
0.9945015686791736
0.4894455912571798
0.6273070019404354
1.1264516215693108
1.2087266968264225
1.926524702448456
1.6840513195860338
-1.0009594171358671
1.614940307767157
1.1326055247461277
1.2943400228523334
2.4111803432390646
1.8796916262614152
0.5607525255595185
17.532283610486964
14.885915672440383
-0.07197538636591982
2.9718798827440542
1.6666207683190664
2.3595997572396596
2.0682681967649854
1.92763278331254
0.23442909513354748
2.531870740891079
2.316923696363416
-0.4154552624954855
2.207670434791651
2.3634595649855243
0.3076341257579016
3.3466558178918087
0.4641202756949061
0.8386590523208761
2.0437977900883
0.7060943532219193
0.6289225901550841
1.3051985587575772
1.152674494151052
0.6856170667429682
0.44720026279714653
11.635136227804027
6.034768424593617
0.05849017758014341
5.79764024667168
2.2804427079443177
2.816916226570514
1.7009586698054722
-0.024066878909884792
0.9516904906536259
2.140041324460716
3.586802737122265
1.5060991737708387
1.6490601353126966
5.741586444249331
9.151315399589182
4.8721727799119865
4.8518252373339
3.151128483869077
0.7628321231780189
1.1944909871319531
3.02897074511864
1.267272097353206
2.1680196630279713
8.198940114444438
14.33047092029538
2.846111585947008
0.3142443680111049
4.272838434063501
0.6330115188849412
0.2928850845760187
2.0649408090533132
4.266355826599791
2.173709813555103
-0.10352145060188489
0.2396934509465407
0.42701568365365716
3.4867931353991493
2.9768676643625422
0.6782718200867179
1.2737155018970752
0.4706435091679757
4.3142213221782475
1.1323460053365229
1.0474236746718673
0.49606824639671054
2.4112575631531166
29.22408789121998
0.6971389940371344
4.921145795227272
7.968449313205181
3.2296010387500846
0.2489773848304928
-0.17540319311181696
-0.04244508726368812
2.5902719840334347
-0.9045750279443727
-0.3903431917832887
2.072052144348289
2.998847137143148
2.198860287746736
0.45754562028394163
1.029419334832751
0.4142624698498474
1.5848232692413482
5.3387779773267745
24.833588373654212
3.686703855071065
1.4035442420847162
1.4451062610610568
0.8801527504342066
-0.146453949183454
2.0257462324658486
2.833961420879869
1.5005172462542316
1.8633733896103868
2.074387407247478
1.7077491032983658
-1.0306182989215478
2.376798712481868
1.3453935292367007
2.1398635351795647
1.3784930105701072
1.257680555789317
2.059840898826748
3.2111433053145975
3.942571133014325
0.5685237850533034
-0.09047114760734076
-0.6840000654452134
-0.06055037232710636
0.6852840503835593
2.62766234208423
2.4164275934095727
1.328682016941978
-0.43618487240224324
1.9941097420722798
1.9457523842299747
1.0094071650560774
1.2352464263014555
2.665594906256838
4.239108064691758
0.5866965193608269
1.853998433281505
-0.8436728996024667
1.0376618309333145
1.990380728915765
1.6526478642123508
0.3655938335216289
1.6235439879884328
5.795974229373226
1.461490221243425
1.9795194084064314
1.3425273882986632
3.419949150955348
-0.770150698089273
2.4540151621422677
1.722875632252378
1.1532937333677022
1.0292906163110171
2.5895646398023
1.2539597100796427
-0.6495430551007328
5.233583651119286
0.582549000467153
2.517452377921007
2.1512243366211123
5.990516821269461
-0.2862514124575586
2.026258328900238
1.4899831483972332
1.2308735559313901
0.6505850153896671
4.69831396015725
-2.4372566460578904
2.1809709441282923
2.772507085505158
0.37938795653432544
0.5382761083903156
3.7753901073013827
0.19758716100598073
2.888750637303655
3.3046238093322344
3.9585528329322273
2.2919829486389087
-1.1217926875152522
2.9638288801997854
2.458559188478305
-0.2323185599266051
0.743813231715831
-0.3644202347733956
1.3408830400604306
5.511514745763904
2.2534575616508974
3.941417311530054
2.145268611403934
2.87896773735652
0.6693748730676106
1.6005826082420425
-0.46044818133358834
1.6177506932170316
0.7891009029215119
3.770561113092378
0.06746381927598533
2.507184008621767
1.2651663474719492
1.5001169829593817
3.1123248495373725
2.0641406992355154
-0.2885612447991923
1.0148862910604906
2.705096921352891
2.4322114130325607
2.374304280102245
-0.4975979974626479
0.4960522911489751
3.0505488492634827
-0.27874507472760235
1.0022252202451218
0.19236233873693753
2.6775108705646744
1.0450055012548882
-1.0123211748448195
0.976351628565477
2.3630724714197795
4.246863213698317
1.7814806171182989
2.0878519325883698
-0.45949516909817323
2.3773811322659393
1.2746674561241909
3.171095731207885
6.3788589238032
1.1128979131875623
-0.4505553307811079
-0.18702155600338388
1.3292416489001928
1.4736402810759697
0.35134143270078977
3.3147891950637804
0.06909753841133459
0.2741037220343103
0.8970291578018144
-0.4489279735601137
0.15259239740550434
1.1700453276914209
0.09654228300699796
0.709286299761523
-0.9783415865279108
2.864208600006619
2.099936117512793
2.883593499826283
9.896524344343904
1.0607351498582462
-6.626204968372443
-5.019863740947227
2.0615146842117076
1.1227137388007997
-0.3898067118963431
5.097885072316444
3.084117113880078
3.1429766417287306
6.457358243715737
1.2613470682285488
3.123999493703624
-0.2688832072421148
6.783668800881001
5.118028612731737
2.208157756418757
3.0272000956706195
2.036799818381519
4.5924957150256205
0.06964006533506262
5.115594297020133
5.444858173752239
0.08736299613212539
3.0926415447925213
1.8486120455851969
3.1456706695042107
1.6068959824344717
3.494691829326676
4.814360032086576
1.9315860321284384
1.3242294711571023
9.034829629646945
5.428255580927563
-0.3578134787813445
1.6272142577796698
0.3124217369353486
1.3468544380299567
5.396548324888633
1.6639830550230357
1.5961879885174757
8.375644504814577
1.380127710374662
1.6550367141084161
2.4999617992268197
2.5459632220825066
-0.9874682955588967
2.315987332990267
2.9236384306049876
2.0522205563818283
10.146697448362465
0.8477351993428135
7.257552661457447
2.7743123882811394
0.380646558165616
3.23752074666239
1.0134358056506325
0.41697212601946587
1.1825125848281512
5.2980590672020025
3.500060847440805
0.046652867847750246
1.1458248746381483
1.9592664091802046
-0.47827265075276637
-1.2458843815533946
3.050432283770977
1.0460211461959787
1.9086089625883975
-0.2122948281866901
1.3502022143268149
2.2736778241586375
4.112058029353827
1.0341124764474539
2.880362731621614
9.281012430486472
-0.34606510769823773
2.0962303743045942
0.6858811616584377
3.2625326338663756
1.820539620481771
3.174994568734747
5.247253696270227
10.600568219306247
2.133031785656093
-0.5895844148871965
7.031025346109802
2.494606281844537
1.3615905500476968
1.4773012700095443
4.482574662604263
3.712779404545631
7.1405622222622265
1.9983465408192058
8.675017724476891
1.1349063406801019
5.888676651169627
0.8623805651341496
1.352589245476333
2.8195949873107082
1.3334688995112274
-1.0417126379739632
5.869027525227212
2.766707206899215
5.429631008533139
1.1468271285844747
1.1669127920320486
-1.0287631186125556
0.508137592872985
3.8646582501725844
2.0574038792941503
2.163549095988011
1.2839705335850191
1.589142277448766
0.9016614503080265
-0.9985203922600527
1.7651439832941984
2.6487059029201925
3.3618709622272442
3.0747391914705444
-0.9097054384516303
2.1761999453355454
-0.41436324418565906
-0.5496408477629189
1.4874696962666667
5.186208928524117
4.015948138276737
2.9278887213943996
8.492547016377912
0.41585652163600306
1.6372038383115157
1.4812568311191294
0.7548295818516095
3.704890469769521
1.7902685453852485
2.391400069726023
5.016977960925194
5.047365250778293
-0.0847416946539239
2.8142160799648614
1.6909273576418888
3.914728475580274
2.34540323844028
6.1068785357669695
1.7461286428440963
3.8969285533711915
-0.3308758048265923
8.120112546531264
7.047013893108227
-0.10405184649508104
3.7173474919480123
2.84232993817799
1.2169626436662486
0.6146679024202975
0.030651777373886135
1.486941586572362
1.5330464009537728
3.069247948293079
1.397380199165752
0.08633914992182401
-0.9662610683888262
0.19740522866982158
1.8464925931095029
0.5758134189053141
2.7654738127631484
4.153413636769804
1.7127046366895438
0.7355466668517201
1.540273492022137
7.254581687717233
9.1909819405351
2.594626987749707
-0.44866322804912717
1.0487129016842112
4.989886413797555
1.6363616001866963
-1.0359654107461223
2.798799930961447
1.7476708223690052
5.540549031696877
1.2805766625920905
1.1655498512617672
0.1376413814779227
7.89837079693305
4.213570541865055
2.0976186604244553
2.4279610290206595
2.142927820977241
0.47650447912343075
0.6559702970629953
0.2506927190132262
0.963656842184315
0.7696935085062218
2.0530759434028676
2.077347695634588
6.428391865382839
-0.6085446582333878
5.524662768521289
6.131441468298951
8.576910664206265
2.9452209609936326
2.3998358481265534
17.349594702590387
2.3882910238485486
2.386860233955315
1.7974681041933647
2.652617438057564
1.3400602749337114
1.429652373005706
4.508718663472661
1.2355717148895773
2.090802763199637
3.020671948684031
3.169287577551879
1.573664312138559
2.07906397677643
-0.18122441693868052
1.6022458624535971
0.11192475184004813
2.6944601211362627
10.371173666433055
4.349171469850833
2.6721103925437415
1.6719199943215908
3.123097286094721
1.8280144747947193
-0.6048370769470821
5.692625016136081
5.649857969789658
7.905004002340604
5.163191616360367
6.993070860655471
5.456863795886562
25.527346837472198
6.830310380624953
1.6667233471810743
1.704611824678263
0.3725458294631394
1.2272598203944962
2.588401999361124
0.908167252613092
4.594895105616865
3.2927846633549955
5.1460040694981934
3.3788432997768134
2.5105581172850906
4.01191880430365
0.6144963083641444
10.667667796615897
15.286748049356865
1.4764319162378536
-0.8252957995271328
3.276677288594129
-1.3167742098920336
3.4610048540095257
5.011258869700813
4.16866948078863
6.48482412822504
-0.2329705384196834
0.9396754496097757
1.4699435529362477
14.569969997926705
9.11590850388447
1.553784595433054
4.8103025156566375
2.477047790254995
5.331540291513662
4.75549642139602
2.889137352140504
4.873836980705304
5.094940816751451
2.702211518059805
1.6351335158342244
4.012327546048002
3.681477866128489
4.77030792989
4.023170142139595
1.2543639689297383
5.0300880228640485
3.1544884874795533
3.6215000981383554
5.724681768158863
4.582814019690103
3.947899046649952
-0.40322927122714125
1.2545311506728578
1.9687249797660566
2.329673979221096
3.934464232936339
3.792339874536712
3.7888247550009
3.8084456775630957
-0.8988478917800762
2.2885253787707507
5.342209817489309
4.128073622523772
3.6139336230173664
5.661094818016679
3.2793496053677194
5.638870613984384
6.2341285416192385
6.815096905121504
3.5947905899504438
4.786306778296741
0.19253422587804936
2.5777542059159053
0.40977870758132684
0.6352979328342421
2.8790397462694246
1.9669723203616731
2.2169396634838385
1.7621854458849169
2.7979090808638842
1.4547735384131864
2.781987930989927
8.386204927318833
2.291146545467486
-1.131272776057953
-0.33884519651420764
1.735527928421382
0.9634890167494476
-1.1327843241293882
-1.232292082646302
-1.829970953634923
1.863070663140263
22.609251593366448
15.166886656688671
1.6687875599584923
2.7097028217170984
4.017951784090142
1.8261757373808258
4.678116837722281
3.2956119357734486
4.00601183024013
2.354539411945157
2.9192277595144964
1.3941035416033538
4.66414602876103
2.479063239307394
1.072246788796568
5.196873780042896
1.2191768410269777
22.28441620853401
13.750336474974455
-1.4073499183375366
0.8811287044035137
-0.33166741098264785
1.0407315095501988
1.9331421420472552
1.7817560291162877
5.657649650033568
0.7153820815943794
3.0950405903543396
9.946697976376031
4.553380017987845
2.0696637558202067
3.3112044937741985
1.2566853091565866
1.2524656367811642
2.1489320191158034
3.920323244019831
4.597716696173617
8.715681065270637
23.557476823056096
7.7379926148526135
1.558749618034664
-0.4732353012937678
0.060614385976293095
2.0166076794604733
0.7724189151433489
1.7493623999037051
2.8542358373464776
0.6339158723537841
2.4417662640179723
3.278009610829187
2.3514479013830902
2.4105135035513126
0.5711569031579202
13.800267085993305
2.254951863361365
0.3193226854639919
-1.4977981742201336
3.2580002398703316
1.1818366434499752
2.1050656987421625
1.6157849160788647
0.6606537867247229
5.136108183662179
3.81711399240693
3.6221546817007257
0.9210671470357046
3.7480995876661405
1.471536976460045
1.1178940822485317
1.5964189143957126
1.7172331740683142
1.1038675088907344
1.9564135811151415
2.987557586603219
2.850251743907281
2.6076170150915265
2.5692651341269865
2.461024907469953
-0.16500400614798005
1.4839985214201932
1.7835255594021013
0.5311770081874276
1.3017251473126497
2.0471675076296507
1.3108400569803702
1.4245484240944604
4.408475997278526
-4.9734249798384464
-4.348016486786995
-7.185053757648207
-5.9716632875356
-4.106112127617067
-6.321514405570905
-7.1451704967623755
-4.856758228936
5.078482718441357
2.1203476632320992
1.6076753375263149
2.613990307192395
0.3370209662432835
-3.8871327330840364
-5.412005469877877
-6.652893478643799
-5.1294102723516035
-6.809299511354642
-6.963565852771486
2.1672764246167358
2.950077478304755
0.3954772895577945
1.2248446816204406
-7.998593461097343
-7.0941883296611685
-6.593372619866444
-5.706342955344878
-8.734059201521884
-8.144567374405838
2.3585754113750026
-5.824214169354493
-8.280789159445328
-7.447063431277055
-8.273284413930933
-10.025914317632967
-6.942665867806702
-0.36998856443475336
1.6452848577799268
-6.682760800407555
-7.587879707315315
-5.3132638326787305
-7.030806850596083
-7.195240528790384
-6.887288108525118
2.954102915427755
1.4638436037813194
2.6836250171220346
-7.413972807824599
-7.515918567813053
-5.857052699750988
-7.142543516152303
-7.131747207448683
-6.620792081632947
-8.432337945824525
-7.491526509955229
-5.28207512779006
-5.191614319153395
1.9579841040276165
2.716382498871595
2.057445983339828
0.759630967802646
2.8347714176378247
0.6311550205715908
3.0433075797436686
-0.07949727126608752
11.219457727185615
8.08177346547606
-1.627544841580045
-1.7405410965052757
1.9032070644358288
1.6511272714960807
3.063171946272931
0.8872223593189852
2.406247871672426
2.593191927815135
4.11802967977785
1.6642766103428355
4.023629284017878
1.602711257976284
2.409814613219628
2.128167906457023
0.39699076494282304
0.36443900324222867
2.359876640658021
0.27599304908775424
0.4538658909363986
4.47729146432176
1.891529187767233
2.5143224173110084
2.15900617645745
0.7104242626130537
-0.725465883865775
1.1309251392728912
0.990950390256943
6.486281090131426
6.659865439558717
1.8725305910885914
4.888790551273113
1.5812674035375327
0.7388802828656762
3.4524674523287233
0.8161474034307654
2.074651452306492
1.3093545102773396
2.830789211704568
4.748121204196495
5.008798879435096
6.041922946657042
1.6878167720633837
3.4974100109740487
2.2937070633779033
8.358256583456633
3.129801834057286
11.685468119040662
1.6591215744810854
-0.7149808574237797
0.49785793864302597
7.311897185629643
5.322537429289298
2.60561407947859
4.126173434764139
-1.2482115404444096
4.863146111421486
4.1962994936668405
1.1926644439824383
2.152733411171541
0.25038220922276966
3.040133871450233
15.520056390730392
17.4857763438162
2.810658480434798
6.380729875085894
5.841710253293063
12.006266319732704
-0.4958451946468272
4.124828174561905
0.17409270900273244
0.5246198401693576
3.1568787188318117
12.221932088998393
6.2735744758196885
5.132914262833483
2.4994202151518214
10.935227762654376
0.9599583799635114
4.364314423216591
0.7209335547559368
0.22785021634040237
1.8248554927347538
3.455034482621577
1.9161839029015557
0.02006675128786073
0.5579282816878965
0.7477571142502151
1.410679865105217
2.5786147404941744
2.611172336012118
1.720237912245219
2.153813553508325
2.103742409711586
4.3460020819441
0.06348984412103298
2.3771258501126407
0.09109406371361106
4.762368297901387
4.644151404863027
3.918828902920519
2.1530442115780364
1.5680839308517922
3.59886940757967
0.9290247348572653
0.7043861175795916
-0.04230512635110295
0.6739778887689254
2.2087202833151807
1.7490279667591029
1.1265320371444512
0.3649136648879392
0.025545817384946767
1.2656932390718398
1.4307803134336856
0.04028130084391557
-1.3074163509734775
-0.25819079361233377
2.1171859929733516
6.280524644288971
2.7820519020411316
1.00482461373368
5.658145211271747
-0.5381906159127094
0.6894777593969321
1.8093390017514208
0.9584637938659315
2.810477267186836
0.9595729829050306
4.862320124864792
2.696572117269919
2.829998185186517
0.2524947056026079
2.634983400990376
0.38764192165247424
1.8711645425908416
2.4799095306870624
1.5035408361799785
-1.6686791677392834
-0.2757126077218637
-0.07699679491959599
-0.6974756560644211
5.87683776552811
3.7667903957364386
3.192925871059738
5.4922334913541455
3.4666774910345657
2.3255092555782784
-0.08681379157659941
5.504183783286523
4.505997342143031
3.6804030575962137
3.939618123564501
3.917471639530107
4.97134150968414
1.852667585380282
0.08143066980507219
2.169891573000786
0.5960266188650749
2.68993946061727
0.057834457065165656
-1.0567370938595313
1.2054519559632295
2.4240898473843293
3.407522028020346
0.13905813810407008
-0.6530398712454419
0.18812857755286516
0.44507551755765173
1.3061777688226568
-0.8844188760226659
1.7551723606791745
0.5422940794954643
0.9651047433606106
1.4662762135387717
5.643982120799634
-0.2136777686832203
0.2316175349343521
1.4296172492439183
1.4161087645185861
3.8490287129373453
2.493837359682283
2.308065712804691
6.695521983641534
3.298413439366181
1.1659605525893617
2.6223454827788126
2.495745954769405
0.801134798816449
2.650086302408098
3.126375761824812
4.378802956166011
2.9111463225960668
2.73894181079803
4.59126009457194
2.595932586825419
4.257910713291486
4.056510484808298
1.9159255625677043
-0.9859429077127011
-0.27046842844418406
2.2029335808849533
1.4870857158576105
0.6529667264795609
2.7443795125530324
3.4290741090850814
2.97725981516277
4.852208028644581
2.257990676793285
3.4151766962503647
6.820493423011083
2.730912901881181
1.5345615831201862
3.779555055426596
2.24359378698463
-1.1346978789492341
3.766111781915309
0.08996428992355532
2.3266960269323396
4.774016131986884
3.749275966169597
3.895242650584366
4.310040457423282
2.425258520760914
2.976926835494178
3.7470658371372823
0.5616670256552887
-0.5786715573707291
0.3578094286444018
5.722569492462318
6.332890124369964
8.388084224829521
9.711306459263369
2.2827766528001607
0.4157083202168532
8.174308470917962
3.154744414701434
1.6000757857188892
10.861808643602966
5.855871574104887
3.8897109304247532
3.180214463203521
1.0879906437534461
7.732857953927926
0.07465903966967247
11.510054369933192
-0.2629794638116707
2.8601521544474924
2.747944943964489
-0.6644093547177201
2.251137882090939
2.2622353910621418
1.3247840913787257
1.227479987124228
6.424163148572423
7.5116057892015755
-1.4203323529380947
5.806693636326223
3.6328837317486657
2.584758944160874
1.3737005807774993
1.6196448725620929
0.1063160654993438
2.005467063962234
-0.5967277266712765
0.5747807751791802
3.167840623023257
1.1598041695498573
1.127723314834585
5.424484082213765
6.14458342894319
0.3368610263887508
2.023971533863562
1.2999873258270491
2.6371540301844294
1.1913096955157552
-0.01783149143507079
1.4941683068868359
6.3437162494156105
0.24291573876740946
3.0901108596270763
2.0634723295753545
1.7109366238479733
0.24849657536468173
-0.7975678898438445
4.821635307552905
0.25354525870715716
2.2465926721585907
9.360448705319643
3.5735846730931997
0.6623498329566135
2.954855132182347
17.004488602940828
4.785913326491826
0.97985233131168
2.724721313007938
6.184548331438794
-1.0584402347201736
6.855681425812976
7.735159939226836
4.322005333229418
1.7520969701939864
2.1680792357208425
1.507558341366666
1.3972941273473007
3.0961749103574157
-0.272893629224533
0.33159061317433647
4.781671456141941
8.31968677347897
1.4384967866144858
2.622751167686458
-0.23256960664642778
1.7026190056570438
1.412502537046733
3.198478576572313
4.87205231133882
-0.06925774351525527
1.5926258650914789
-0.02442214249763075
-1.200160793124614
1.0360605419903495
3.866818545468731
3.805233630167222
2.06869111887253
-0.19624920879941654
-0.13047332821843893
2.7004686925589434
4.1787032642306094
4.0462925789001565
2.1130872021582956
-0.4423102996876629
0.48423550439011787
-0.552045614739151
4.582621225221686
2.503728463756462
3.975092415436951
1.8728166643725732
3.714475044180839
0.5455967007925389
3.1901006181833145
1.029187708026479
0.761909263620234
0.5928928275641108
0.8452433818264891
2.7066075209491833
2.7236276295706254
4.412847238792778
3.480247439905479
2.7895551348863714
8.211166469645756
4.438302225074047
-0.3144896590494042
0.9630014753749407
-0.3151634543327404
0.973706846389276
2.747356086068887
0.4393105783400464
0.31489796925761127
3.818470893808001
-0.46596140920659224
12.462096999103807
2.182197608989078
-1.07679984650883
1.0761783448871283
6.610089436966529
-0.1864095325902586
1.313727156783942
2.3771520774613215
3.384105726181312
0.39207058076373746
2.219569566379474
0.5352198391623457
2.2105988912970855
3.629695423730885
3.0605772551035866
2.9314013361403513
0.2121408832934697
1.2792837534127346
-0.17582762889746162
1.062834592785969
0.5648610193093808
-0.932477517356497
3.0762094532726545
4.28751411883158
-0.40489867861514495
0.893531610394368
1.600382020263378
0.8143318551136978
2.051858420460042
2.1708616550800097
-0.1834570268055502
1.888535524915594
2.5751201828384627
0.7924705455153784
2.1106466841269755
-0.0656553886495701
0.9389039103514676
0.42392997355948103
2.572990148983232
1.293307337228653
1.8116552193429516
3.5986217806140335
5.448863094950214
5.5022864171112005
2.8968972624240417
2.335653201442302
1.3623353793516666
2.0285004862067586
5.098702417643175
1.074437609273987
1.6891012011403463
1.6350382407213577
5.554733134970353
7.356352142742007
0.011836020300338257
2.6811670571906943
1.9424351702678764
4.286676243531993
2.072670673696029
-0.7491580176329349
19.999302827348455
2.518160780938711
4.7774706384828916
1.682190090317057
2.384410367946926
1.5268599567676067
8.745920525354014
-0.41150820642607333
5.737173969530256
1.3826207370429018
3.184556142135966
1.9300862355169017
3.3319219135178333
5.477272109012242
4.568432543707494
-0.3752220038240903
17.196526504210215
0.9084580058117453
2.9422182905714216
2.7847901131194215
2.2027888029494536
-0.3214303581707354
2.65865447421234
12.877833607567034
-1.0788371837229334
9.620675212035637
4.365613505939558
3.7983923616362203
2.5900104238956123
0.008195416210097006
6.303633470497704
2.60854123218347
1.876870386604017
2.211328656451382
0.551013179587768
0.8715831246843109
3.676044177637337
-0.027367291185765863
2.9937537219255517
2.6962612974244315
3.441201250794429
1.8903872252507385
0.7080946262962029
0.08010917011330143
1.5985479131419826
1.9242460492805737
3.1887145476518928
1.365943818487355
1.0226277763287035
0.6800786074774585
1.784596860493276
0.8861056800766105
0.0042770766028357166
2.7748438564933116
0.9643251558724804
1.1204185246877478
-0.5361727826044742
-0.44148033432941913
0.6314576989376985
-0.3025286405459564
-0.247315556058735
5.285894214192201
0.48496587133226976
-1.6287728098083667
2.0672537565357416
1.0496931418899265
1.325808982115153
-0.04726375455916476
1.8130137725381579
2.184680507519416
1.8439751369530604
1.4567743214362785
4.665754618966632
-0.0873023396583601
3.0838387777067684
0.4688712641438517
2.8976660112307924
1.741866501026243
0.37556343800379666
0.9443202337078704
1.6321256853530943
3.9846993051680757
0.9494570584630948
0.8613482661907848
-0.5110576568393446
3.7624493432797537
1.3672970844976464
5.88946486935002
23.589847157153727
4.050408213902557
0.8254874997113169
2.8966050007202613
2.2289951307104836
1.9752541237011576
-0.8989342311094874
17.641518906245583
35.21148519285824
4.140760622260239
-0.2325749389640217
1.1720575106390434
2.4255245034075656
2.6479866895678565
0.5679912703053291
2.743324781644307
3.742711239565387
5.036317156650748
1.3006027789186059
0.6546539994133669
1.93110328439655
4.393079308473412
6.76481117722958
6.764930394137299
2.970603766556283
4.496248498380071
1.8386004285589417
1.0838923989815037
1.0473198139642401
7.406658582766428
0.4809054302045952
4.4989265720761615
1.51913586813897
2.7062721592216223
9.9849886164384
6.772561427000142
0.6352117456949462
4.669881573319646
15.020867777302204
2.38636280732195
8.403617142315882
8.25793617032608
1.1130630112379967
1.6874546137343196
0.5209017491499759
0.9822310881201279
3.503262383512281
3.2135899819277363
7.253200237502189
0.40650021875502773
1.5805047637995338
3.8514882988502044
9.252110657727355
3.54859575729299
1.2316780522199982
0.5228524251735984
1.8589431956483984
0.44932543047386453
3.057035922528782
1.0111871883500203
2.3581036309376873
8.078395189718622
0.3599083185283032
-0.9048376427028151
8.548653704951487
4.134214973963777
1.337280396476786
0.34627167396886827
1.9439076618716429
-0.3197177755811236
0.804154611376912
4.4001077226849485
0.08876080160344735
2.751131769263041
5.757436760105558
4.875688038001029
-0.5803949725712456
1.0949951084102312
1.2940864652106416
1.9533908568598723
3.024126414141584
1.3438474235812832
0.9660308551695589
4.630657343552052
4.9144779404316274
3.6794647058438024
4.354815075251597
7.4938006656405305
9.598476657199047
8.676715423261935
4.754394889811129
0.9457876960326581
-0.6643436082532135
2.3385023805582463
5.038957068556119
0.08051659945177359
0.6741980659362861
4.533314930365812
8.114717904234746
11.201245003346394
4.858396013107376
0.20286218236341647
4.008912308939737
1.9631027987448795
5.349193938697281
1.447676022309387
1.443369432110399
-0.08037309433093842
3.6158224065429367
2.489476390874321
1.9735479969812333
3.0741863553145796
0.23631483981645096
0.7176230991295087
2.483147631702489
3.626524602638469
0.10473596363316062
7.3244687217635605
4.834297509111226
2.492388140624384
1.4124275430124338
4.54598365693267
-0.23832361859344764
2.5085905792913117
-0.40626488059238475
1.7687700606595758
2.4209613853195977
2.220845257714081
2.9204592396971716
0.31780976696628227
3.074002764231137
10.437873499538433
9.962661670688712
7.504213735448469
7.167140176537138
4.941952415759214
2.1201957781253924
-0.004869235840254227
-0.5391572856393863
0.5920075922473207
3.0634092883297535
1.3632055831691476
2.274755027296722
1.8109866109311425
2.770714951522998
1.4357333782381754
1.2424578208355768
2.2307474947095565
0.6678058714011128
1.0292998471986103
0.9024771965357528
1.8317812118648704
-0.2514817898226587
5.64434299428004
0.4554463965278466
0.891235473927495
3.8844896701848732
0.8539809898528059
4.956991425229567
0.3949327031027825
3.2301417817882636
1.6770099909206728
-1.3212954226227989
3.030871853684057
1.3307061562602978
3.3332161724814133
0.9565479142649358
6.4989039900350045
5.496006224798538
-0.8641634219462846
-0.17971660770805986
5.267024794084906
6.877606186976191
6.671176257203775
10.460235172166868
3.4886157726597804
14.406650220782401
11.44750869109176
0.9895220985578892
-0.7252016353731299
9.098229709243721
0.7773194343478893
2.2081184259707904
2.7179315533829445
7.862701863325698
8.665794008395618
2.5483641129817283
-0.184442268168185
1.6881317818837305
2.161748369334761
4.1412410990029445
2.7158677211380935
1.6924725948089625
0.6941675357333199
2.5456374316261305
4.8976723409181675
6.013277144301306
0.9148408398791226
-0.2928290652945065
1.562233582042227
1.6832167499448933
4.545929141131534
1.4013813767467536
0.49368011195240813
5.262322649802533
-0.21154264291374414
0.4779545498052449
3.1355145953106422
0.10374959747916379
0.9418994473032984
1.0482878192147715
2.0703808698384867
1.142370999486673
2.705486473726876
5.458869331027903
1.0623209928550263
2.4356232133907296
1.0449250102704797
1.8082233614982515
-0.42599721473822716
0.2135212291058557
1.0050961892332158
2.091136190892472
-0.5724324425603511
-1.3220386800432748
1.067976654592447
3.970563639437562
2.1669473486444657
1.1644270043630303
0.635004733998008
0.3613290040632018
1.8669807427329632
-0.6072822785415224
2.0874910605545045
9.331274792250166
0.04880678365590496
0.5466656778259844
3.5280032620861252
6.02417685657675
3.4497489712797815
-1.1380413021373854
2.556959404159424
-0.0216277430232501
5.133793109277279
2.3458118167070516
3.9870875152983256
5.023573273310172
2.5126287691795115
3.362126134431758
2.7798020909313292
1.4443758695588247
3.1291917764142614
1.6005433569580474
1.0049623734240336
9.798937381243512
2.5428552712621455
1.9010365012520782
2.0431132927538074
2.6272541084535797
2.4784306855505633
3.144996558962533
0.9423549460065872
4.792974745207863
-0.783118260604762
13.79092483188748
3.8117179114709105
6.259329660818924
-1.1521904144526505
0.8933793369015759
1.7624938085660604
0.3524688678497725
0.9383550362051856
1.1768316882810648
1.291502941574365
0.3688376752593696
1.93572499671974
2.187914763078754
2.229012198930609
10.2839883262149
1.3009516320123167
2.498991953672406
2.8347114458862546
1.6492451018328034
6.958315820460808
1.8425653649929332
6.870028654861106
2.740003060861196
1.7491604848454942
0.8097451812055323
1.946005581846076
2.0391240143378364
-0.3617101253287778
2.050215699396246
2.5740916125672406
0.9194408001543317
3.7143155832014454
0.11116064295815886
1.2653757435158934
2.485267476796576
2.283659207870115
2.0357446365029586
0.514800568266687
5.854726041491446
4.261499752114017
3.189582612742323
3.5017582587746814
-0.24313846157976315
2.389459853190577
1.2317165931550937
-0.22514871263340153
4.2665383315823115
2.393232952602507
1.864568099170386
1.344302128537962
1.8119280584565736
-2.0240678846064823
1.5548071936521435
0.19442721020014475
-1.924150258326143
1.7663531103357908
-1.2822719814831527
2.7363989669108273
5.232398653972608
0.9042483744488456
2.449914566945483
4.317655324055471
5.898928774580552
9.600081731456978
5.385278871076762
1.9315757823332862
2.0791303304450297
-0.3875270770831185
1.5529589568174533
-0.10123607734441431
3.371645779963428
2.1663954101440535
1.3679605783116153
-0.010218543319803208
2.499153665475747
3.2017109514508153
2.252753036241048
-0.009609069336475207
1.4753233438301283
3.5060823315835528
1.1859900508613632
3.366754746628393
1.1009471946184777
1.2606106359765916
3.0055972878113923
0.07492569690286932
0.6541604944425137
1.6051567522171952
1.3649928137819016
2.1267420882146757
5.31704938092834
11.770972570492274
7.762965002906638
4.509612393310087
5.6643265403169085
9.559648968587608
10.837562650834105
1.818177977411689
9.410222762326493
10.502994980595092
6.321164145743597
11.955351784049656
0.888406097339038
1.880840531477676
3.497860372313451
1.5593185573211483
10.151425660028549
10.515480723735667
3.9878132006537177
8.207271214956583
10.286564592613544
11.527237901861312
-0.037943252869662825
0.07489151263847216
0.4532571250373847
2.6459159031959927
6.2544889932728545
8.468527820384963
12.879547484502524
5.060408641684101
2.2947488195253793
2.103470813369656
1.3307228990533548
2.2266782808865906
1.2744246179292322
1.0147228782190378
-0.6698071794652152
5.92606922953858
-1.016272863280604
1.1083496570711708
2.6511268263237113
-0.16682272527394626
2.118098976937512
0.015573817283002889
1.2277873657727714
0.8425332544175297
-1.4963890562561453
1.8480329647766973
0.5241012077834024
1.3454719932692785
1.1129363837297908
0.42529565798691493
1.0594175981587077
3.485182181765226
0.5693973389531457
0.5903839271211471
2.4009198667904847
3.7423578441464
-0.08276029535325313
2.31152489361035
1.6616329703837434
0.8214827309715842
2.029987147804934
-2.1164757665235774
3.032375096943044
1.048086931888033
4.675131671078593
0.4894826219074253
1.8164115676816275
1.4939042783510845
1.985282921672384
-0.44231415898814475
-0.20552355105699993
-1.034731372201188
-0.4636924328106413
2.8651226572459425
-0.3137189928887205
0.21997243373210207
1.028802160596832
2.111235367291742
5.11181708665945
6.061740212228581
1.6974072404530567
2.143413008842714
1.1318406193524109
0.8903646762277861
1.4290879819828706
1.1705155707581962
1.5354911899622328
2.536589098643576
3.7712752762431916
4.159172207485275
0.28987209901932065
0.16432263408391545
3.4106553193425
4.486784078995797
6.953882740132512
0.039938356997148095
0.43990419276675263
3.3524481355965565
3.8881374836541136
1.8859189921696735
0.17437514089244077
2.0013455806033917
1.6051034894381566
0.19653722490018732
2.225749303012382
2.516329351037623
1.716641656870386
1.834231655117746
3.6000463985364597
3.439456370541971
2.7682267541884586
-1.9321285103685824
-5.339614745911944
2.9659626662923904
-0.003045815797836804
0.7621322936235031
0.15885738162638496
10.094974121825276
2.6685624452639574
0.17772296725167358
1.4072049341382553
2.0022092606094066
2.024115007319003
5.4226882499310385
0.8873324664409141
3.458581909781291
2.1573065497744275
16.794266431827857
0.7259307479925057
0.6405236547485316
1.743358410236924
0.652062688829806
3.29018411172037
1.40442167991194
2.595060755738267
0.9064946835022205
4.297697686325386
2.9542683804441756
1.5998747460462137
0.19473479844700403
2.2851036457549583
1.1492291087551154
3.454162927945087
1.2605657131613242
-0.24428860413164855
-0.46542407533133545
3.1154039968443734
-0.8414900998763519
1.50761973233312
0.5204702956810057
0.569187228820528
1.7374509759259225
1.375557136028065
1.9164533444253078
1.8180319239610914
0.2823012094022115
4.342366180738588
1.9252445564314338
1.4504513936840149
2.572618783920145
2.283082911248089
1.436471271900821
1.4084794366385993
3.1094220953348777
1.8302252219306372
2.0703977686184016
2.357307814837431
0.7981803993635164
1.4691422022691134
-0.27428632957268606
2.0302678503701728
-0.29751834404320343
4.401006125716047
1.224701098580735
2.938689546739683
-0.29354834633856686
1.566221537731296
2.3665771750164675
3.99123739817199
4.812452330189305
-1.2391361760037567
2.535447744794121
0.8760948743593326
0.9068575001942882
1.5280580087760038
1.3189182795883272
-0.11183806737919544
1.4829542388368284
1.872798098658541
5.084940077864573
-0.3336629031163594
0.9645431835683909
6.480800089641228
10.79455032930579
9.012389023023406
6.4952625566868
2.863584980254419
5.202904507224126
5.085972930458661
0.6772660492082221
1.0885459861512738
2.380344107886951
2.6862184160711817
1.6335590687842183
1.9623697698193836
1.7541039778082332
2.560929666168737
3.254127605278839
0.6362120307317147
3.6580446519948677
3.934745066302236
1.5143392732803729
0.19012264412431423
1.0959084145021478
1.8370349390341418
3.2353986915815054
0.9815564937461125
2.523662535735678
3.774364695864762
-0.7534716492217335
6.090111646812649
1.0850009037379211
2.164714443298259
2.5321521878245825
2.795959683805031
5.080133662514792
1.1390295718750856
1.3860777728125493
5.7754180145804845
4.852730646313766
0.05012277539625143
1.5466748145195919
3.521429395890117
0.013090353410288191
0.5401729499862673
0.2788474352212731
4.037792095337365
2.7907664937664043
0.5556073176738627
1.4082601307646512
0.1866476872945082
1.3889908471128525
2.0581195071548493
5.665321012914148
3.4391024746955217
1.4474022387097387
4.4162107998240225
0.9806602132948903
0.9455383349204105
1.4777934839575042
-0.23242095557738307
1.5428815878577622
1.8220877675164828
1.769110646621007
2.78761277661864
6.468714213532317
-1.755526831268762
0.8143830930381766
0.22004048206591498
2.7218872416595152
2.0065359182071356
0.4765987846500739
1.7936125240763425
5.220534176788544
-0.5679713801143096
0.6680913838866671
7.3918768974713185
2.4329470029079503
1.5205817839603748
3.524960227205373
7.528254047941428
0.3223983118296678
0.8624512527602393
4.245979764587541
-0.8531669232259187
0.19000423049918802
3.426012969359355
0.7356418299302758
1.640035267115613
-0.26489404272583084
3.759751259369657
4.6235251165373406
2.4190057133582146
2.460035222391964
1.2062847863548685
1.6798813000001513
3.207689135382562
-0.45011173260766557
4.060950448113938
1.4752993439923103
3.0017510491384902
0.5833125916220958
2.0573690528102806
-2.580069006083379
-3.464438738218578
-2.479906384818544
-1.2751219566274685
0.06809098658495327
4.349909131754827
1.5061021971871147
3.8948497766106014
4.204119259646523
1.982380335359949
0.9524775485645283
1.0894758261183721
-1.3506468214633165
-2.063871178601129
-0.864887028753428
-2.8374567394976253
0.14631550542841798
-3.8133808728335303
3.556332397864347
1.6580277546726871
2.144936921618344
-0.944143171151254
2.235568700183996
0.4368288445037125
2.0624687983999586
-0.1487084779233605
1.2877160667576604
1.5707979832006267
2.395127262652464
2.561456633051794
-0.14173627439430692
2.939469115112014
1.531711380802448
1.9109934989790358
2.777517783564879
1.702689878280398
0.2574114508458256
3.4138816821178017
0.8799066168624021
8.929535435336351
-0.9501126783396183
2.8288103078426476
1.6436968099290268
2.4340556192575935
2.09144868276553
1.3516658782438087
1.4491286622012503
-1.274046655445824
0.3050325306463595
11.443787993231451
0.774977021317778
0.8762793689400754
1.0305237444272266
-1.3785115401429033
0.891174674549847
2.8094514286350165
-0.7830516192100718
1.3180795062325346
1.2401488436260846
2.259870581390995
1.9654821695403488
2.9021414118603106
1.2396471696453202
0.9469406635075683
6.2119740720592045
2.0730814960990553
3.274036005280946
0.359583147854478
1.0525696246181535
0.8106943335773678
2.3712551315223145
0.7414016553613267
1.172414205467596
-0.9572007225670096
2.9971468274919086
1.0227955350451572
3.0943872184313364
1.863311182269619
2.6980489508224075
8.882980766376122
3.338875849679205
2.486167134965096
2.71824428743146
0.7503320852736233
1.9497408401893463
2.9751576818873127
1.5272433593069314
1.3337118880601049
0.7446002412821382
1.5840193297970004
-0.21657030084664441
1.2374823083863928
1.8774539379923092
1.5519412943752664
2.944970826462602
1.475418792787633
0.8941617341580199
6.667704294646888
3.0442732333120164
1.668876059530165
-0.9196569183346566
1.6096724743576079
2.169585962635246
2.085444443807221
0.6862284853197254
-1.3565930660653698
-0.6596595425079184
0.11081246474393414
1.2637857912310433
-0.29572766068620115
0.8864639079798764
2.031977265514803
1.9240817899437979
1.0738967886761117
1.602267749448317
1.2697004704044577
4.381646870126605
1.872290150743385
-0.39680379139795274
1.4966449554998078
0.009456124212211092
0.5877221664503733
2.192566552487466
1.132891606192256
1.8792324924459314
-4.360159569693066
-6.4870326128524995
-4.5497377142761195
-3.557083153895097
-6.013027298160543
0.6654751103824803
0.28307998697009307
0.4254702743637071
0.5634196755440399
3.363635996111708
-3.7297833255985946
-4.914738764777946
-5.44026426014478
-4.4241789728384475
0.5121807048055533
-0.6835374403024452
-6.460901282160188
-6.331212402651154
-8.462514862013851
-0.3209794788891107
2.152835862298153
2.3844713063731
1.3540792945242155
0.7409970801156822
-3.4582370160358127
-2.3828106741737543
-2.5956763666499056
-4.45914994699303
-3.150803668495394
-0.5477498814492336
1.1494403570678846
-0.4921000952118464
0.5750757833370763
2.388767753239251
4.735686201706317
0.1932954133201037
1.3119761713378475
-1.326622411452193
0.9551151911464411
1.1673854866505666
2.0903114103342375
-0.2538932561877276
1.1906944928386527
2.975964162877882
2.250584923390631
1.4896646479404283
-0.6822312605581529
1.6524274351533366
1.0608676394833598
0.36754437489341973
0.8079300784561914
0.911957283475967
2.465028092435312
-1.6247622159427677
0.3095518606702621
4.257613357018773
1.121084320783011
1.9601729450511338
0.4837154149335554
2.389042688652898
1.9818332672351961
2.6516510636942057
0.36154605381109484
1.9825180199845671
0.7152167908153189
4.2815351811479285
0.27679146151224465
-0.5696986344741539
1.1609424227058922
2.3787654476562663
-0.11378726576573617
3.6014566745066503
1.6579778582061546
2.471842729900312
1.441597587896925
3.8155444285307123
-0.7550567824962808
0.0214083528704061
2.205238582340972
0.6029125515698406
4.056232037174198
0.49251988919379874
-1.1901263941496247
0.24362934967536232
2.4100493078308807
0.3998821024735777
1.3333642796932823
0.28326096521940225
2.704127700270777
1.9555650460703586
4.267233415614934
-0.11124203253926224
4.578841439119837
0.34756875510254526
3.540435725342391
3.4759366558599183
2.439663901057253
0.5070140598166437
0.2788160148376764
3.8194510564523325
2.225719148088742
0.8597368951294198
2.8624021241089697
0.9942264224120809
0.674690631093144
2.21467801352859
1.58262664378154
4.856591723956299
3.1257568127259203
5.169160120477205
0.2540963656859334
1.3452259750041233
-0.9028389969654891
2.517607182157633
3.311542797169384
3.995022626038148
3.103650245978155
2.6573835022547865
2.26088618646897
1.0154427455561827
-0.6433941029932171
1.728833042039337
16.04785047951773
2.0292071075865366
1.494920876261873
10.56659986171005
0.7260386818710824
2.888502992213983
3.288203506433445
9.773640567030148
12.012689188243288
4.134971283793364
2.618081082808846
-0.02049449408577697
3.664009205304917
6.118578152350614
6.11574468512115
5.12323568677913
0.6410071428269442
0.44223835443735826
2.0718922212285293
2.4806826277528877
1.3499042351294999
1.458962941136189
1.0159477002246795
2.956291200145856
0.7164807554583927
1.6936090329048803
3.951688176412026
1.4813050948014677
-0.4406774741178703
-0.23229669739112446
0.7618403894975043
0.7786593653032903
0.9666836779245178
2.11117051890332
2.0479218748896493
2.7975538755563116
9.18179912527142
4.149361483728546
5.134119494101525
1.3202787497935158
3.1429603879055366
2.035860145876185
2.184425142447419
3.099837185537104
0.9134516973790578
0.9911684087747898
2.5348664800532523
1.6528284928389319
0.4041824179226021
1.3727328683479285
0.6698723138366707
3.4132307458621685
1.6321360226318906
0.6208491438386998
1.2855954436573644
1.5661225849746563
1.3931319270613796
1.7742360026356547
0.7660356644970796
1.0487553555053981
-0.0297686130587822
0.6046240109243546
1.2140201034358178
-0.5144219293180969
0.5001573423972512
2.151837304490574
0.9606866849162428
1.8246999159165609
-0.0070591087396947305
0.982141356524384
1.0153615077693607
2.5985462304521105
1.3494303920659632
2.0717291602698467
-1.2502511224281818
0.23479057410284754
3.1963871826568218
-0.8081475957880309
0.4922881878452503
3.0505317759813115
2.548446240320889
0.6521742908811843
-1.0837691557546614
1.9776469864841155
0.9118190247942903
0.12386246494207143
2.7622124584968164
4.246001729641424
1.7061879508822915
-0.3010323641227335
-1.8876400385495853
0.38539031611333874
1.0623502932907567
1.3900508846998851
0.5437247418601434
1.6498939392092553
0.9649518453298143
4.9739461797602065
3.9662202490945573
1.1084396146808315
1.880111459656246
1.1653217702281304
3.3541699559791187
1.9285211146734027
-0.3369594566858807
0.9588886271560304
0.8536967611785693
-0.9576987221079027
2.308530416525817
4.47364874076945
4.44586380697816
0.6577206679024459
0.05492183502154657
2.8473723379576787
0.436885562806834
0.7667110312775349
-0.9229006782718185
2.1186789343032943
0.3527553630814313
2.062080395244231
-0.0654397358789347
1.783014322101363
0.9911367921706968
0.9721645485056889
-0.22693121816802075
1.90314444812651
-1.8431784083491134
0.6143398993826299
2.022157700028835
-0.8233896488660422
1.3645177810779283
0.7872796514098708
0.13281661670330824
0.2974097848509196
2.223105622642345
1.9873218100864714
2.7132106056898087
1.2200841148398043
-0.3767385691083762
2.21616375848064
0.1948184967822919
2.7256099100282443
1.7183759264857918
2.350426084893522
-0.30360354796021793
1.0359233881769117
-0.06225681073621914
2.7576671067505387
2.0542891502773584
2.836653811544197
7.631171872153573
1.3132478452081202
-0.006073143740738862
1.9224846326472778
3.0604194317257463
2.2117723898037234
4.03452454422615
1.0373092115807183
0.6047325478101255
-0.8238525655946503
2.2399862052509274
0.26751827528191474
5.610536403989291
4.0996638429660335
1.056172992984873
3.4364118811380475
0.8599478274717862
1.6628340764316951
1.621043806563458
2.7361230796251226
0.45909652822799596
3.567588216229355
2.0916253945203462
-0.02596439275622142
0.5636864825125882
2.149827690040016
2.167105388497973
0.46666023981257854
2.845996507130687
2.386528835656201
2.2819771152912534
3.0721782236018083
0.9418665211489408
0.8184485492800064
0.17925761753635938
-0.022684784824549276
2.2955467279867943
1.1852997517869694
0.8117756152834485
1.6665983196622514
3.284959968631711
0.3490714077329713
-0.21765828119250852
3.862436069258446
2.7196926562837183
-0.4980589399107631
1.3228151330830498
2.6093307846721556
3.816411650073581
2.9422070285790647
2.6086570823068964
2.9593637930453864
0.7941968159807318
1.9823656941579237
-0.25022691960612287
0.29707650861029267
2.130852173245779
1.889938202678291
2.338310500423481
0.5357707215531835
-1.0003582354742784
2.9824531794004083
1.2284124815173625
-0.4388135415280776
-1.2962907581469127
1.947587354516335
3.0780838662952785
0.974420915599739
0.9002333646706988
0.8047175455413174
0.2872813504160572
3.1436045449832566
-0.5186400495197836
-0.08532472046312445
1.4497254599970457
1.1902425490301614
3.245788571021308
-0.37486276021194453
5.314385528589321
0.22978001604140275
3.355274421522094
0.8696550625353425
7.771702896888137
0.842392146288089
1.8004472253367476
3.577989158398096
3.1229711714386257
1.9474634893409675
1.2310616055814034
1.131351878733693
3.116978944984594
1.7590604475487737
4.588116542485287
2.877757673062849
3.7400043820967603
0.5845708120221949
1.0220820087535645
1.7377360997901699
-0.05782975389867606
1.5873278272423217
0.652188990421877
-0.7303464644325108
2.833407626103874
4.371212082137999
1.8638141821376146
1.3914963751465184
1.3822212085353314
2.0192963495885774
2.2021954597891065
1.601918781319182
1.710685114338331
2.8353920051108816
3.7002848002466138
3.715634466770024
2.013933470479711
1.4043365370611776
4.097516006430321
1.384847915479232
1.0127412083569025
1.6208364394389252
2.0073103544374877
0.05118221396139977
1.3192051831928808
2.773321153816407
2.468455134863289
1.7284442778130529
5.9085685731085995
1.5528614577689348
4.504082965373623
-0.44999456473807675
2.3354709530937834
1.3127547477107722
1.8533196628313224
6.364297688741976
6.338041241268496
1.0318712989490764
-0.1845116531908444
2.0784491209001894
3.1669664933764343
2.6235187956776445
10.519469563286226
3.4017071084206183
2.815302130815846
3.796512146291261
2.9809576820843615
2.3895909169816623
5.650043808897753
12.902483536924564
5.9135609481045055
5.084260781455272
6.37296188386304
4.864702498633983
3.810045706597129
3.000003163686287
2.223442264695181
1.5989204344656354
12.907541500441543
1.1697395641511448
2.092784284279324
1.8169932079304176
18.323775296058493
10.610047870475725
5.473056407135991
4.838781849778433
4.731727639092009
6.192426035792576
4.612694279042826
4.635681697066596
3.031504138085944
0.9201750457343139
1.645111924562704
2.280205207466385
2.080420483191547
1.8500232716929796
1.2172740824887318
0.6538358660488348
2.369832257070904
22.728170787049407
5.23009681329531
3.9394178002208458
3.497196455665806
5.1879081623476635
1.2079585780988213
1.70710865329804
3.7250443196793794
1.8935840698019384
3.996986082037817
2.4424701371087485
2.0387646596328795
4.51616956614817
12.705626029492887
3.852734520702783
5.258207871936441
4.04650081861518
6.007348781376571
0.4374148877696902
5.460301826484579
2.9494165977235998
25.03614817719667
5.508177633776028
4.805825749359072
6.894959768717557
4.272800046652781
3.4966401544661805
1.2316859543900611
1.4029145650995594
0.48855846675208836
1.880090012658254
5.285325398616347
1.7846195759876473
11.863335023472334
2.941577026456205
4.083476232574788
3.135322503469073
5.084873306819101
2.111257346315964
4.432485773534294
4.923217889565902
0.8870768114897973
10.463756671172279
1.3179291468213126
10.684805260879818
4.801265292458867
2.5205364828718686
19.132909870867643
6.558407795780066
5.146008442754606
6.895937291483872
3.9175294972487755
1.14369214021613
3.2341791444694374
0.4021289286783505
0.895250782343499
1.8093111019875163
2.5784829761936816
2.1918593072162182
5.259218143207134
4.347428375052723
1.957251259147541
-0.18981613872794378
4.440349837132796
13.852209552807643
0.8797168240225512
1.015320240461101
5.1065910389151234
4.674605568214734
3.5100262563956806
4.838422102103986
0.16238015412952755
-0.09363518594286524
6.568272296714815
3.0435459710133506
2.1257987692570177
8.377441751881964
1.1063620542894674
1.1566495278835356
5.295323210073752
4.914446567655209
6.138239732109551
4.325658988331035
1.0622672421693726
7.229978286628015
9.451079777443264
5.427233915890715
4.236379724470384
5.250075156038787
7.0844396907714415
2.3881306807145233
0.4901999477659196
4.104995043047892
0.5189139862209209
2.813981713437041
3.9528943574653694
5.933722075049527
1.7736257348087845
1.2010873788830796
2.629932732606206
4.113417396373027
6.620717597541559
3.54079858839906
5.294733856844953
3.610629019559952
5.186191192799754
4.925578205603665
0.9895436208238559
2.3454260715501025
1.4788561406488838
4.4652648847233225
0.45200872162305283
0.3020527037984988
1.4574060192927485
9.93097593225523
1.9344615761848567
0.20404563169901535
3.92458354092766
1.6673639248941048
1.4209527423065342
1.0757292006235402
1.231504111598711
0.3572960147372133
1.396379783680505
0.7048587950790368
1.5114369358010706
4.226811415051451
7.144757736559256
1.406504196787248
1.8957512369188667
0.7573872332464613
4.045952210581735
1.84894017052082
3.5415510007736124
4.332766875028616
-0.366978827939469
3.1490887587773715
0.08917815940654927
3.3081321351804407
19.055348868316052
1.2241483131278819
5.518070127945354
2.7951105736463338
5.6092295842140985
4.41578267412836
3.9429895058333173
5.947968054737246
3.6356124446034532
4.294259729865585
-0.8499975163244846
2.016016488125225
5.342388773487661
2.468453400528009
2.5968458402130365
2.503978777629132
-0.5828697795426034
8.337748212151176
3.3883813295415868
1.4229177065018586
0.6320055504879092
36.4364058818817
7.064534818329061
4.390800655169203
8.31947899763001
5.985761130631374
7.318858179205577
5.784626421682314
1.326782549546398
1.421425001838949
1.7139052418911316
0.9976857642720558
2.2170557264836184
1.0809063419039908
0.8665548833494192
5.7249962135022106
17.272077146676438
2.645497633214594
4.024386440991742
4.326224239703941
4.942446024349847
0.03353594955245498
0.8173292168409467
27.008235330752363
5.562545137255675
5.846312991974469
6.949685107379711
5.424087313641834
0.6866956254937862
-0.48556209399463457
7.222327021596895
1.2547486682284155
2.4245415626617723
2.438596905620246
29.628297741501605
6.819644634150116
6.334241212552303
5.254173948126618
7.901756173272567
5.356411489854595
-0.6786902736197953
2.732314064278861
2.892566144412009
1.066416757229778
9.707691545823028
4.367329059305879
1.4842694486188055
3.35842873952411
3.3514605862752433
6.172184294847361
1.876149362369508
7.827035645492764
3.5332348615114824
29.950579387126968
4.5589350499655374
5.857995207251399
6.393807475965325
5.4075194543286464
4.099590219471602
4.18857848363028
2.042547388096746
9.87953554635845
7.132045275541493
0.47682028486192385
8.635085301417465
6.149972108885016
3.465795094446345
0.03543158531277846
6.711517003324956
8.181600578289745
1.1679676361449478
6.814652386851719
5.062166677243475
6.365096729899467
6.872301677078061
2.341761981106358
2.728446121097932
5.845510872277866
3.0919453674766615
4.741148963594955
2.093750176573894
1.8480872488009181
0.4086993838824229
10.969744861950456
4.122232319818525
6.96853675896051
5.05150418575472
5.177031779335474
0.9890078412951058
1.6382711569001718
2.3822107871785194
1.579776480654973
0.8271903278336403
2.7934199638882085
8.904533931984897
6.569388832198656
5.288906460284718
4.6458200732790065
4.0098713842745966
5.723302807488442
3.556519017213158
3.8541882387309565
0.6605111412866278
2.812741819375515
2.392303099788747
7.889544404088856
5.21759117805375
5.560667171875542
2.319392398246559
5.9395867886180955
2.0828187865622736
9.645198534384038
1.7167523332405412
6.510900153441322
1.422213163006782
1.3829032249655648
2.502738973801595
5.884897579099707
2.196413152198496
0.8697631758869275
5.99013820335195
5.339030108883412
9.670711425280716
-0.8335609086303264
9.903474810365932
1.029605059164119
2.4052722935931756
3.024129026321659
10.498313523968074
5.88400816576104
2.3234033344519114
1.4567777302083298
4.64535239347609
5.236822431697765
2.369407693699062
2.2076792175108015
2.7183572659545416
5.71673702999264
2.706018059851374
14.219130705694953
1.3847689258670608
2.0366631126789407
10.572073028368163
2.0399450427360257
-1.6963411402401334
5.135063285927995
4.7146687064835335
4.215822884132987
0.9455334454134476
2.2527219391317232
1.3662796394610126
-0.4400477805913803
0.9580256717209494
3.38880381421425
4.488625988705283
4.227223912968022
4.29852881892765
0.7698491046562215
0.4681785345395164
-0.38784557203561665
9.303630228940692
2.9957282872959494
6.456815916101413
0.7676456478428109
0.7455381567221724
1.730536372331296
1.0183146724586962
0.7873150732550467
1.8360886457691092
0.20047458574363475
0.394274894947076
1.1926829429718202
3.4653802745213076
2.6164918499196608
0.8247296675842726
5.630559090581573
6.157781166533576
-4.932391539012884
-5.340565115101917
-3.5929154349078076
-4.074531938813498
1.0493065948756102
1.9575615827486728
2.0410436225847493
0.5883410646505456
1.6025639115823556
0.038525265816437226
8.377039548341703
0.4796310842665652
1.773295206467721
-7.284160061084527
-6.149511624303448
-7.263375205341518
-5.186884108937748
8.367904857350045
3.1085734743180056
6.465465363365688
0.5604295890935407
-6.588189410027514
-8.732796032647892
-8.998800804178194
-7.091347958474163
0.5225664684798745
2.800911820546397
1.6151794865877955
2.919885417549267
0.2628939730725883
0.5876002214795513
-9.702851886265991
-9.814573249374735
-9.293886362141121
-7.879211146092527
2.5787052156034616
1.7350871660999765
1.9117348726214605
1.098233599026352
-16.638232923809674
-17.82283405695584
2.2514438118673867
1.4533692811587346
1.8419312325486175
1.3986875639669036
0.015836191836229085
1.4943712526322128
-7.461355559047223
-6.611693815064609
-7.357796317923551
-5.875232328579856
-6.489243321486864
-7.989958761689803
0.831961102218091
2.9865541855402773
3.9077510737939427
1.4585231495230682
-7.423940795455179
-6.131484964845093
-6.051354263998608
-6.510625188216902
-15.045584304129054
1.4234130487220296
0.8550243119489667
2.323783492481473
-18.251446039889444
-18.69571563590002
5.950018508456685
-9.951536850563885
-9.076979710392715
-9.823316403436003
-9.836334003794725
0.4385598589373949
6.389090084741164
2.0653089379620932
0.782790950481989
2.5298716588795416
-9.742423010182854
-9.727750271953186
-9.29128941252578
-9.627421333987854
1.73273752371445
3.307590171161715
1.4849998288311996
-7.740909454073873
-9.429066778819173
-7.61317092722836
-8.393052103871973
-0.6477786958981555
1.5685819456267114
-3.980849347503034
-5.048831900703917
-5.339589713080235
-5.9708784999249325
1.7777805777146616
0.731197385819476
2.2542881102418333
-0.9620768615645132
0.32286912486192376
-8.597773336085522
-7.943075546047193
-10.127132786130773
-9.151090846893286
-8.787307176517798
-8.28615661094437
-8.612205883299408
1.5394193099615798
0.3154338214849457
2.0420290248257187
1.7810795457125708
