1.269541684788393
2.0072307083079695
-0.7633700397915879
2.4694296131764832
-2.3655923294940537
4.171605078024594
2.8330197095070324
7.668503396184383
1.0151165773137836
2.6069862996330553
-0.35730034128500066
7.483744496814004
-0.1280504306234338
-0.32442197052404365
1.3124361912405813
0.9171332302176594
1.9511497108249962
1.9005469441077452
2.062550560515156
1.3963838815781984
-0.013638404795103476
2.793415686521758
2.7845708085911536
2.6680446253156367
2.567775611876152
-0.4520094390890814
6.317619189722198
4.566844599306598
-0.5931260140640746
3.0131921413053395
3.035940414622017
0.2594697843931997
4.634762696817843
0.6288273340826083
1.4572044612408064
-0.476633320751936
1.445718336163549
-0.1698881455095982
1.4903301298782334
2.40187137303083
3.0745644742888407
1.3787324852279519
0.43272265456347014
0.4228853813944906
1.0843346858441505
1.6555992329102547
1.528501622491566
-2.1289867634834856
1.620271692233941
0.6885352251479202
1.840075719658682
0.33215309073953536
1.101160667107187
5.643500426122686
4.99160991720751
2.0086550531291545
-0.1300780082165245
-1.0078227643147193
3.8341842923961833
3.0573576376028857
3.071745453715858
-0.07813288597845447
2.869414270018515
1.5421669374895233
2.553875740271991
0.4471904868672818
0.033807223964812394
-1.1834950166027232
4.483195047989931
0.6333913918158143
0.7981948855872447
0.0015068113793175186
1.5739118585204976
-0.052730351347775706
0.6832698930764538
0.6812690467584688
0.6043402753012985
4.615127715851484
2.9114297543651286
0.13280640047060244
9.49242827234251
5.942537988358131
0.44746599931997055
2.0440480542345503
2.628738369954756
1.821857424630917
10.315509066042646
4.196464348145811
1.3326709627409423
12.520910915437177
-0.18884470387271857
0.18735606405572658
2.4376822161172425
2.2707257425420355
0.2734090518142229
0.7271977983028435
7.8986242120958545
2.5278188439203495
4.121786354842284
3.376363638457935
1.2660491261641305
16.32317326994349
1.1498430810802258
1.4678520638395036
-0.5580457250875326
-0.24145694454102884
0.2821549252239044
-2.266618160358295
6.642192976917974
7.152661099727075
-0.9810530281829035
2.7729227524939946
-0.6605541195562297
2.630069491943752
3.25769579092297
2.6579975430902283
3.8206398526189185
-0.2649052204152802
6.540050361337683
0.20500513449689817
0.8448642574707599
3.871960813317375
3.254236236051047
0.6765654265028791
2.9215931594280296
-1.0920110824372642
8.689060302455623
10.187711844347561
-0.42199508531968855
3.4202432912903036
2.7946225544576153
2.817625697656518
2.668402331295687
7.804403856247446
0.38384007715405866
1.6710313489308177
3.3681249554702326
1.4363648105248625
0.2822626577709204
1.794859943900287
-1.5369062365179909
-0.33573391403660513
0.5236823637538288
-0.10200163088186653
6.3404484458762855
1.6903887153406145
1.7712269151951614
11.31338565906578
2.0530555061232802
2.0089620547569593
-1.4131122782009056
8.600997288585233
3.6918867810229834
-2.1180390936055025
2.433430965696413
0.17084167025142816
2.4192377072139992
1.608666482262841
3.0160529930552684
1.2583341501474794
1.144235570584528
1.777641212913926
-0.21867823091112037
0.7424988486183883
2.4378016068442627
0.0044506814739908584
-0.3794257786553221
0.7457193222997822
12.750017592452547
1.1344427127814727
0.13346554030717472
1.0833447184200635
2.6358933869570453
4.056539633452912
0.3127374117015389
1.656697222354472
1.6941047982258324
0.8898073803131312
2.3040858437112672
2.009362995759311
2.010682829393657
3.372196273384224
2.762572370150952
0.769207548067582
1.7475672081485398
5.510825149023773
2.439012725035189
2.3315260150856996
2.0846611564036213
15.756435598846744
0.4481417551741129
2.036665569658144
1.2765195030182699
6.032653296434094
1.0580007675879837
-1.4972464174390585
2.033093485026003
-0.16858826980392805
1.4159714600757496
3.5684881694456925
0.4146421647946521
1.5511359940073788
5.100291397239117
3.780999605268464
17.7184705029219
1.4960269274306912
0.5208907647499987
0.9381754895950769
-1.400615452928618
4.683446576665862
0.28709228639609274
2.676425854542603
3.8908207289870855
0.8722781835272262
5.236405370826546
2.8127947581299395
1.802465352269998
3.0199477490236752
1.1406204199079335
1.8950451610816745
6.046944354395945
-1.744929059185084
0.5488349967642405
-0.8768408470774149
-1.4463709899300758
-0.03788577580198149
-2.9969080521446303
-0.592640282755519
-0.9497265050056682
4.2002648207737785
1.6350507572098198
1.7649746465995275
1.334238769209019
2.880759368444071
1.8488079179410977
3.646246078482368
2.0945550427525834
1.8239603993163993
0.7679546344388366
-0.7046706510835761
3.391249454000658
1.54243814155749
-0.3420916148581017
5.200044115536199
1.3763478022309195
3.872061090521642
4.646242807184514
0.706613340921181
1.2091224869070125
0.6597765147265551
0.9581309210747906
3.8984256158516493
2.0102116942288406
1.0538813757136825
0.41563083419958
2.690016988385066
1.2660847192336147
3.690151658631841
2.594937241961871
3.0023871694661635
0.6091382345662228
1.6161815353210447
1.9981798417711927
2.0058361191822556
0.10128465584141177
11.138254391418181
2.6970552145327136
-1.0006103562602604
1.6678335518611915
2.9165518480942416
6.869025041627667
5.4245003596542185
2.1779766873548843
-1.1377258351886106
0.6314074562527134
7.7896248765426686
2.5939558866751615
0.47000817907379755
3.1676521047122685
2.417370164907903
1.2384425382384792
1.6991910777560297
0.6084392366092837
9.189114317119024
1.7185893808763149
1.338714549405788
0.4369721980583545
2.014571910480444
4.353303742920123
1.153831370186048
7.936517138715361
-0.26113028093353874
3.8547954958964725
10.90451897627603
8.190878630397474
0.3183630810235385
0.12966895052893235
7.244632102526943
-2.542031602635869
3.1909586518516853
2.1232353812730214
1.917127082671836
5.6019053879570535
1.4605466048973723
0.9904365476671364
1.858316412378724
5.454126137650954
4.542468376158688
5.872080606834327
4.056049094549596
-0.9832327920966495
2.6993959408974524
0.1391608658333232
2.720926163879887
-0.09785080093503873
0.44982391702180347
2.378349375833737
-1.0998248547042828
2.931496433523777
1.007718415367401
6.746757561981097
2.5464061102781104
0.5844231654579608
3.9155385437219445
2.166973821716888
1.7992968767019955
1.2135222778658088
-0.7489233921946896
1.8954648290089835
3.3082453284139213
4.913892318047421
-1.9666508037576544
0.5091884145290724
5.958025530531646
1.5763711498288675
2.3623932346383336
5.340413588055414
3.295219004266009
1.5115050175553144
-1.0689811527527897
3.3737362214424955
3.6990187134344756
3.115577948881641
1.3579267248111244
-0.8043740615612274
1.0269149170387908
6.0379487080883685
5.620513311113637
5.7284866150871725
-0.3322234705843703
2.560022846022378
3.5169933482610984
2.1246643486627868
-1.449771679350211
-1.1544519643337572
1.445316542036362
3.8827410141697873
10.015879230923806
10.212953917398337
1.9227951423565377
2.4964691350271737
-1.0565573088921667
1.7969219753712042
0.7485735245511216
2.951741178078584
3.329542397873908
3.968601290544615
4.720264098651192
3.1142815733489995
3.049153937578562
1.5936721978743353
1.3535184325970995
2.4081495536236774
2.3076711895868733
-0.44145643644987453
-0.8563727189745627
-0.755222069559337
3.691607613152142
4.509005430334278
3.818693730412388
1.892922130839738
3.108514593181958
9.39334418918808
3.152330747259656
0.2937247563199912
2.472314157487684
-1.2436956858621047
1.2124491379478584
2.3616796644826454
5.09803752387227
3.8888457964464296
0.6847919417746264
0.27373418391804316
-0.5685131872832121
14.180622418098107
0.6943926928777724
-0.18507289530138094
1.600263409068144
2.6704377456284303
1.5005794089972495
2.0498054141229165
13.162638403922656
4.050537481317793
0.30895561202404376
0.6077573018497748
4.003241915807346
3.9442315884723698
3.0702828086759633
5.129427218406274
2.364790658147678
8.216406609191337
-0.28627604888322344
1.6681583936181619
0.7483228206285903
2.3016554051693507
1.968715361679336
1.0088323496908926
4.251747370887432
3.096162293465286
1.707843074293084
13.550633395381055
7.919443471173055
4.595508623772659
1.5271299309592798
1.8320686504709152
1.4253649217017583
4.085035855501896
-0.372164397945425
1.055020834169624
5.651288260831222
0.15800994216389697
3.4747955956826404
2.16590156057715
3.313728808646709
1.7584049357271971
1.9967337753927388
3.66223294289465
7.749714580393576
1.7941254107776363
2.3212862150759244
2.2622125156785886
2.277609926971942
2.2499312918410013
-1.4477481243311285
2.3372489557425835
0.4418733194313853
3.6699603716402946
1.487293826376289
0.8472868240702094
0.15919083038778825
1.1700901319825578
0.10101694431141706
1.360309073507611
2.142905195997442
1.7447241742391004
0.5594612942600683
1.7926131907358256
2.904783995733884
0.42111376876285034
0.3283329950676188
1.276921834519473
9.87632691486491
2.9270064142421646
12.671992663196558
6.707919167093895
4.1550171144213355
0.9318358563699465
1.330317444471116
1.40841277876433
5.0779819165084525
-0.8065035751850502
2.8498885438862644
0.36008240999240937
8.982527893358807
-0.43443708947012416
15.345473252606435
3.0684134508013914
-0.009334775849096477
2.1205135893184552
7.854361885133272
2.0207596851021967
1.2879910667808074
0.43915691007484936
1.000947864616369
10.032173655964185
2.5773551163453856
-1.0106171428233106
-1.5640459871077297
2.410886432386075
1.8455589251620996
1.8819641606688096
6.387975028382979
6.396201257195565
2.682950259313903
0.5491963220087561
1.6147610918660187
1.958909177398342
7.368925986157136
1.769173759424458
1.972998701910437
4.543894343407911
2.016889830653965
1.7911995577523976
1.6235535137833315
1.8868522044719447
3.6091383211691213
0.6243035874072
10.029187608210048
1.6492680706641554
0.8797747920745977
0.076961714692249
0.15412378803649296
4.779295457471285
3.632731472101372
6.283989650671161
4.419417045319001
3.360536465239944
0.8729028862077026
2.3156210187158885
2.8399467582810503
3.2223425642105186
0.6924814724080637
2.090001004822464
-0.374361424803902
4.054963771446808
2.119778376049976
-1.2887386384631137
-0.9611379239181175
0.5146983335295992
1.4117695661687313
0.5383478105033879
-1.4572143727015308
2.9795168068020432
5.7926627191257545
2.3635773342656856
3.0969653127989867
3.2808665271239486
1.5138671140757296
1.6919317437623864
0.2542760400570292
3.3519446266037307
3.308032210757781
-0.3034533783173732
2.290292863219994
14.89365413760412
2.502371569714219
3.511291714380439
2.758728310559847
13.196154537587201
11.79371438074461
5.5012679264843385
0.768425858702027
-2.063040311758882
6.296164907493876
-0.6727527964657327
9.055432339222058
1.9194776445514214
2.5300560113573933
2.033955718688322
0.552273200419187
1.3685934689442067
3.7455944498676126
-0.5549921724540885
1.6330655652484074
0.0037230354232238305
2.1318450450615685
4.067406685221281
1.2482504956974052
1.0200348190970354
0.43127321183194955
4.782166081561023
10.833719687180167
0.4308647565822292
-0.6514377759079761
0.8616463127058265
-1.565185639129346
5.450598523619842
-0.7198035839590091
7.571686457012353
13.034230844505611
-2.5150165463827623
1.5616197217959158
1.3716076727168551
2.7467315874229334
1.6104443041828271
4.188665601924694
2.23543806122193
4.149282650386208
-1.9552548417957922
14.142990395809456
8.814666817580207
12.355984716312225
8.12383644138099
1.5667987961027214
3.271815004006059
1.3937873152570646
0.5418295468289762
3.6840904681851807
4.502909120845057
6.58850005366316
9.00696075065631
8.881647435386615
22.487432754480615
4.670076069148079
2.710821716541898
4.266745034066275
2.9790166632533412
1.9366325698972084
1.659246365594408
2.549881814727276
14.00828529601381
12.970059144099418
1.192578252206416
1.390816379585557
3.3050677893859555
0.6364344846474141
-0.7574952531067805
3.830668574912786
-0.19879205450666082
2.60862733450418
7.633135409446087
6.111771247814499
3.0208493517424317
6.87298237005787
0.4143297396744563
4.3920175111342
8.161177241039365
7.004099727046445
-0.39670287844686225
16.191944171218733
7.075504810819454
3.319467203584032
-0.9058091213219934
2.859531022200453
3.8216896786823007
8.277492689345186
1.8094352473459832
3.7869765140343006
3.49147496284541
1.49883612539594
3.4326117871184856
5.992124630308383
8.402267775459864
4.612311466151262
4.422683022693421
0.056574761112262006
-0.43184041922874905
1.6291150867503748
4.373511201936202
3.2484940821091124
6.978487632489624
3.927325212915852
4.697786721290157
8.145219216804708
7.199026182894396
14.23442739775353
7.07889182649958
11.534611488087823
1.5604381789778097
0.6518125245746711
4.144059469422191
5.101599828543465
1.9051063769442902
4.781039592753306
-0.08803244740325677
0.4189018958054791
9.212515808665968
7.4421661252482005
1.0171385153813717
3.0644071252588887
-0.596851420966384
1.8260142950694014
4.292853919474493
2.1576539979787066
-0.16677398477898642
3.68696201831768
4.944433540976927
12.783563825394683
0.5746865756389028
3.188466198501038
7.262482820899072
4.329321879348863
5.373379001933544
5.650600945239132
3.323214165438303
16.26212046795432
10.459992229673837
4.115915021017397
0.20314823159880424
-1.480151066656395
2.741621078579352
1.2667157715364692
0.5169404940210105
2.859829575625279
3.5745169597401993
3.087400490201647
6.727142048743757
8.191771392734466
4.529893312837983
-0.7959169553473007
1.8174910175175996
1.6630797355231937
1.9451481087484677
-0.19984587256955155
2.0769221162335536
0.7017609311598885
-1.3105486056939906
2.6439063630198225
2.453720158342966
2.7679403911260687
2.282779758716015
2.3493557232835753
2.974170815603793
-1.159334744146558
1.6916380857917024
4.098091104254667
0.3391799783165015
-0.6587505207431645
1.133342206106415
0.6889216090621408
2.913120815379749
0.6382629824210209
3.5833566994485953
0.17811200240596148
2.1409973821157404
1.7384246750063548
2.058628128591768
7.765774357836323
3.0489757825780117
1.98273722693429
1.9547777852270476
2.359360258329348
3.7507300781568054
-0.3006856062138381
0.4341052240997074
-1.3376237226720324
2.31960118217411
6.03977435791818
6.845845506354697
4.35430624974391
0.10047277834834878
4.6861638119689015
2.6831589975829733
0.7500381987974787
0.8925085215990898
0.6693019520429433
2.0384168107089193
2.493605564842653
0.9471662259312759
2.877750769458682
1.3596616503921142
2.8129042917409715
3.2570302445572983
1.7424270590420352
1.0301794734685776
3.3670489957287666
0.49554987153549224
2.0308625099780113
4.2337795571366295
2.5972485198691935
0.459083668436735
-1.5070349246926662
-0.9895813412780428
-0.41264794084377265
1.9218836803673465
-0.42675244759302444
4.938190426810171
4.861971092793614
2.6003081487881943
0.823218083134551
2.6774942880158545
0.8074705360907282
-1.0225431749632952
1.8252034519653917
0.547098775478023
-0.24218787891171467
12.843874472523478
20.396842141151215
1.8290757062994172
-0.4593859540570102
0.06046387250770002
2.5197648673637234
-1.2181306211808383
1.6069871104544353
-0.08519987050939748
1.1590009581795593
-0.9361103112045477
0.16903848429161172
1.465586223695201
-3.163054968469832
2.3739669806304438
0.5644937557963361
-1.000710505788483
-0.210039763281741
1.550742712678253
2.3629383303946456
-0.6775318061604025
15.437610911875142
12.533641258933063
2.4143320381272835
4.671807545657426
0.5919425055274814
2.094515562082244
-1.3322142180913292
1.8492311265182737
3.347086021823728
0.8173302501822126
-1.6344476307672606
-0.14858713868330642
-1.29435457473875
0.8264546652281761
-0.4327214334211491
-0.549079935087224
1.0650657225617608
0.23432615346073948
2.7535449630792534
1.9162642999554134
1.525525876091016
-0.9215255302008465
1.5206181551466675
3.1502790256412707
2.09155224212815
12.669310712084176
5.549877754305274
1.620316667955302
3.7175799778042737
-0.7815115395014636
2.459888665754259
2.5315006749476696
1.5484643213141862
2.481269069562826
2.1401639834312216
2.6104670421614222
2.538469820769288
0.6550102189041664
5.138353334815081
5.343077076590297
4.485280170138101
3.5989840992474953
0.5455051457125415
1.8584894709677549
-0.8692019627763647
2.82151327951959
1.4054847164696604
3.025811248987811
6.139352610686596
17.149632535293236
3.4122879441634195
1.601531745966251
5.126516100908929
1.9344564741258015
2.6783396011474254
-0.05410618399444567
4.565537285763903
0.9776897516375957
1.8125095540128855
0.6181343947810702
2.07516359354307
1.7034212297904234
1.794919709833178
3.190810088689511
2.587292265970489
-0.28397636651553193
3.9552535490411582
1.883055087123402
1.3042989887653471
-1.6577921041124446
2.793851542947236
29.744280927894856
2.754852302409564
5.3941310244109895
5.152297644166616
0.7771227357533668
-0.568387063952523
-0.5168942419697935
0.6120220210266045
-0.301175012809036
2.0998367498513177
2.932335252644622
2.138817008013122
1.064684517721331
3.307754899239922
-1.094972605519071
1.3398803501256746
-0.009983245841513444
1.3350473174033919
4.831378045260151
24.707013410676346
3.4579650937053
2.678100745544765
0.6817349272681905
0.08525475147740713
1.2135332478006293
0.09305762967437814
0.9339944423072504
5.031419572783342
2.555354638002428
1.817537484066869
6.1759095959549795
3.0602439546345233
2.8201251526934117
1.3006589226835719
-0.6016291008591346
3.8277568850553836
-0.3392107700814657
2.2656004581341715
0.6940661361671785
0.6910706453258417
-0.4754218481877719
0.6168905299064245
3.836775715344311
1.5499558394015187
0.7053270931281221
-0.7420697727677732
0.09316254782392197
0.5090976040925579
1.7123490023048524
1.7741481618793682
3.443047942993868
1.9450751367485126
-1.9838420683391194
2.6451395137052884
3.762791445630614
4.624285179790707
-0.48190640889047365
0.5529835262244482
0.1810021108191613
1.5211802580577893
-1.5022306449968468
3.0726034322748172
2.0853005129455493
2.808801669116464
0.6419207025861882
5.175422743707898
1.4506757963515384
0.46345456151893494
2.296141294721171
1.2799639495360817
3.1164287260271712
0.9789340602236909
0.6880275934586344
-0.4384313735920766
0.5752557369100761
3.367392850178136
6.521777323427672
0.4957711215443228
2.972103851721128
1.3585924803839915
3.450666562497444
2.9942228457003166
3.466085926198695
1.0212903691515114
-0.37372308563480594
2.5537906242660147
5.253186748499772
1.5686922308729327
2.678427320944575
0.45460283793759415
-0.008661033521196737
0.9492283642413124
2.530059206429047
0.845435358338892
1.4417090612894734
1.98968985279971
3.510203831753899
0.08831269798071406
2.245645554800366
0.28757166218110464
1.1412389092233515
0.24677032576412672
1.771173486039225
3.5668221796297663
1.5203858476664494
4.786308139219397
3.6130284910501844
6.588331213751724
2.601612802107991
4.582614786050495
1.1121548004909603
1.6769482084511536
-1.6346690147954372
-1.678393497644392
1.2532694855704025
0.47244692085846673
-0.6796857870206106
-0.23543231476059256
2.0673388739193665
0.29531906556851273
1.7554668883207252
0.9267466778358409
2.5869748330393834
1.3979166102430396
1.7749723815415015
0.43227485989030057
1.9727430141063218
0.309518984150684
2.6210293922309806
1.400063526758659
-1.0933928744635504
-0.5935073688817503
1.766964306596175
1.1422839708595036
1.0466119161004908
0.9577912572743172
2.178994328760179
2.651990938516147
3.113239435858991
-0.5291826275373852
3.2990481912095593
1.1559612867052114
1.9710079904815827
0.5495635773692573
1.1853371983285044
5.249325203256156
1.0718895097592684
1.6776163027187985
-1.0469631536288797
1.7553158570720395
0.6773102094854968
1.304121022143296
2.636918194481635
1.332366738185287
2.065106495989851
1.847365480712537
1.0029093102733058
3.5044576483192063
2.0677261147469084
1.6325800635725431
-0.4687143314221509
1.3754147168080622
2.2442376738266034
3.3176313602224714
2.4101879572579685
9.724998762866825
2.768323952246109
-2.610302799606208
-3.566506036370295
1.0152639695209809
0.9955324567624797
1.9067278995352401
6.2079695444172245
1.4752069451231529
4.4666228953150355
2.6965591373516204
2.4754475395062077
0.5318562739904644
-0.37808853210817994
4.687788357104848
7.837620535848911
0.4002049656271851
2.6475487472882984
2.106508374484898
1.2257771054459812
2.7628928703070885
2.590344268490241
4.447403961922988
0.21058539116521846
3.805342219015511
-0.27376645283743817
2.3325208782393556
4.047059603150121
1.3642592936272182
5.309836343912413
2.9131918312114244
1.250579927534952
10.945212415973684
0.7965174630963965
-2.2494802710986774
1.7377099671830392
3.019865129893308
4.308619232791926
8.802719520441407
3.0517894628450914
2.145609117704967
6.238994487381278
0.02038851103838213
1.9873972015779044
0.6739100880067788
0.2811421312418023
0.0016983656928410973
3.088551876830275
1.775876188132835
3.702715371632192
7.155975444500663
3.466828361260859
8.650878212636826
3.4625539168171886
1.3092157742244481
-0.09835543092395893
1.8024264412465687
1.8593824712785099
0.9433237855801948
5.002036231503187
3.8291929138573053
1.2631335529083068
1.5720064187485034
1.6919459263202565
0.9165438789468741
2.9064397230100036
1.4603555679096611
0.5601337062848726
2.5015706343692186
0.8540388588102004
1.8473708881016675
3.694847498624264
6.078150156088256
0.48463456523476434
-1.2686627075830321
11.147504190153096
-0.17704983094365323
1.1339851646724015
2.32764035385328
4.060487043246106
3.6061027480283543
7.460668921661249
2.552792052103837
8.768038462778701
0.7762345817901819
-2.3209371029500554
3.544694832988078
-2.8307972621979265
1.8154261515790238
-1.0555452094384938
3.6396653280490927
3.356353486067169
3.1044959644980317
0.47392874139080177
7.298140748864669
0.34279865842014745
4.969568520277798
0.8760510368705638
0.034554724374430634
2.595131811249768
-0.25979646888989705
1.5690090250749182
5.154981134587897
2.666179740762243
8.41230545648302
1.6486698581436046
1.5406234491621489
-0.29839303094712966
2.1184452897445203
-0.6144249616681703
4.427853109242422
3.7549923932743723
3.1869440955084904
-0.6799581940478192
1.212511924534455
-0.1618691810479329
1.4903364491585298
-2.6288778240232005
2.580183811130219
3.100714402749035
1.6822319654993831
3.53837597751889
1.4298856732056222
1.8654585661978138
1.9465410303582427
4.082081012896973
2.6001047244851963
2.1686353940272074
8.750970429672341
0.7770651805039281
1.2423745047022876
1.3150527150712994
-0.5864243855444635
3.2267374374892133
2.996223974335435
3.9677684229369534
4.859667133072828
4.6362680357484205
-0.3880574396941605
-0.06991145581783131
1.904079967700565
2.1308633530389787
2.045003565994352
5.18380647227704
1.7836906767678578
4.524090606644911
0.8090178990028662
8.840614245134603
8.515980778162584
3.0385928426352233
3.672893823121805
1.0475315100562668
0.8972717049809058
-0.32536155196393257
3.0798226733292458
1.7917067009675764
1.6277353283432296
3.938757786230791
2.385001761783573
0.775801794009616
0.4374138300916288
-0.5724361368644026
-0.42886453974152583
-0.23456257298916783
2.1473701231809406
3.0207038663934274
3.1786807126553054
-0.9696005641900534
3.602586583938498
6.527877880269081
6.589803602715727
5.404820993300146
1.086743793598964
0.11145913591131862
4.175506060459883
0.7883828209896402
0.8288555544864518
4.6937022422474985
3.025854877873385
6.455255517521383
0.6464003999280221
0.6733643124805004
2.897744287536958
8.552478847132033
3.148526704052681
1.7107062141480363
1.499747484932916
1.8170588786365554
2.600483374735502
1.417109784811269
1.5463580486609863
2.863491579371634
2.5118999184650193
0.4757566492687688
1.6766776084188275
7.9760739901562445
3.0117614651634366
7.4329922753150495
8.291019481137436
10.482190750414823
1.3300446814727447
2.174493263782163
17.957753101231734
2.5323164124990916
2.1812374137427275
-1.4917156503707132
1.3347205347657867
0.3452637267024681
-0.3293431630924073
3.389392713296388
-0.444567718023382
2.4930716248639455
2.2639190427686415
3.05111016639038
0.6225775888622442
2.4675694620112294
-0.3470657941297477
1.4629376455776293
0.2921374968244752
3.329140519187452
8.516765623598825
7.219022566820851
1.6549265914842974
1.8710907752946104
2.4389504531232182
1.856869451249067
3.8831757260672255
6.582486011265395
4.159384124753448
4.8143136223339145
4.214469901525259
6.224941540235932
3.7291783126800073
24.701139083086844
5.697649019574069
3.2472261972565604
2.039787399063858
0.7189672420063586
1.6228826766448434
2.6144459040328725
1.959784770105111
4.1656416960960705
4.263266603022588
3.2197084140909733
4.286101955239889
3.8762435648174485
5.933610170301206
0.41965166815723176
12.997541279690385
15.54502427399221
3.9154507805129075
0.9331313037193565
3.932107720878811
0.6677434915415226
8.260571216962862
0.9186700811471231
3.5383366670483394
5.798538364911387
0.046066770636822296
-0.6738533863563074
-0.2778783242042626
14.714060122033729
7.908059979062955
0.7935113686556652
6.762435556954934
2.3613965963814634
2.8563754035570925
2.3239271477580603
3.8538920508075174
2.990403598622387
3.492106328429372
6.0037293526542825
1.365828187448431
3.8217080222947395
-0.31739465926289534
3.291431780367987
4.083273721036437
2.8184120622118987
3.6071121217534943
3.3301166692678708
0.8089039912695193
3.150271077363156
5.9315675353157005
2.1964760616880676
-1.1548432879472312
-0.3810891598528061
5.335342473027666
3.71523372011349
6.239941835589256
4.595956445163319
1.5711516179845297
4.793186519438408
-0.3498445541853201
-0.5399255734515873
6.078403513605592
2.786592132796421
3.207729284781883
2.314601201511545
2.994064405594699
3.710735817217124
1.8139384240997818
2.5924951557430713
2.8657692441859695
3.6918508443262
0.8405706126489565
3.1205498333834
2.8255881781830405
1.9529042647586485
3.227059980458133
0.43443265346719717
2.053419006754803
1.1839087425250356
5.52368747459612
1.9757758869228985
1.792998851161336
10.279864738067918
0.06022260951475866
1.7291982058999018
2.517524323557419
-2.3956838797920224
2.7909266458327444
2.6978348471383757
1.3049417562701473
1.3874615604012015
-1.957094929887701
19.5856925795644
14.004094362730353
3.19809606392383
-0.6285869763565624
4.731749672423729
-1.177936220930418
7.8166698400185854
2.178838378783655
1.6680718023078362
2.9523001831264217
3.472043615470245
2.220903044742332
4.027588753760016
3.952645177006479
0.6944224712912244
2.7739309336593525
4.015468289766426
24.16300521430027
12.044355921201394
-1.5162915836814757
2.6532928435567826
0.7751630633172928
2.694410412888508
3.505930327902961
1.9755285070354391
5.698364404618017
-2.0931350194586624
3.2449132003535865
9.001603258470345
1.8216110286772695
4.5881602561434764
4.935959256138907
5.1121812511065094
3.6791539581743016
3.2993853145545033
3.144530635350929
-0.17697835475317314
11.945651688841107
25.232865380471424
6.8464261246332905
0.41741168011928087
4.4013135846927165
0.8149718904125964
1.3016865106978792
4.481454711628373
3.8834590164660776
4.358505870711818
-0.3100790551377368
1.4118480387361785
2.8966613313771434
0.7329149018847283
1.376164428124199
2.596243537619749
15.567981327794044
1.1387471098440534
0.15536538769649932
-0.9844521728062092
0.9830348512102716
2.137101048021082
-0.12410134885592128
1.392220962323925
1.6160105762752095
1.8881024626456302
1.9552244715716092
3.7534977465327715
1.5287497376456203
3.7721121350741726
1.701481834641315
-0.2855854324307996
2.128639763939743
2.257707515423984
0.6257681294494739
3.3688131659158627
-0.9655959392846065
2.2995351864887823
2.7194580841167664
0.942479678539283
0.6248324117003297
3.139044316139487
0.9042384633396707
0.5078236494269315
1.0523064136293045
2.8502985014934943
-0.564197115910781
4.095445575138595
-0.4019772468056202
2.9757325678279845
-7.488000737853237
-6.615490682548094
-6.546859809620479
-7.287541837438539
-4.3402595113763045
-7.029388120410681
-6.8336121439568736
-6.843369014110764
4.210333384429337
2.5908819699497445
0.7676265715746551
3.618577968437398
2.3008986986937043
-5.024194384776083
-7.016588969806515
-3.793417273241679
-6.642891095291731
-8.697968110496817
-6.851899421164607
1.6778832044105032
4.957970522873896
2.234149084403818
3.564441832210904
-7.967891854372564
-7.118437873730345
-9.16140686280573
-7.126448549651698
-9.648702575280797
-6.0642950395861694
2.827713643098893
-7.239097152032786
-6.141700987811645
-10.221165139800558
-7.566493619618662
-7.429866167332304
-9.64531600584972
-0.6455335929539257
0.10792408225365091
-7.456841852836294
-6.286201926288715
-5.597531716507987
-6.790187308555732
-4.889506580173356
-8.234775205476225
0.6069696709661121
2.4897553901917187
3.463459336545122
-5.0895380314614025
-6.577845556583894
-7.766140600427421
-10.700501619961372
-6.206648017971639
-3.9674988545284844
-8.536494077830392
-5.887309872922653
-8.289514260880543
-7.3467118958102695
4.714561652468546
3.569491880604878
1.2620674675305883
1.408368124526689
2.4744829011497558
0.2391595235201931
3.4892943374676095
-1.33741768540701
9.506291223253175
6.5375669364450655
0.0015424948906532787
1.0575989586592902
2.169880054078458
0.7014472159171328
1.6741793692621714
2.035894293947126
1.3765144344473255
0.9585555366169791
5.005965028427949
0.6906924215976167
5.62637506506915
3.925494458295592
1.971435782430311
2.07428414389273
2.04427441414777
0.44825528829897143
2.072452506785063
0.7739624248158135
1.9506807657055507
2.4940008914520684
0.44079364528627063
4.862650215086729
-0.1942935213695185
0.4719381957992803
5.644098905860732
1.3815221340270818
0.9527956959245472
9.769749886426666
5.3639263317104415
2.9591031856363053
3.7223462020966145
2.907753304945736
3.5825558224127354
-0.10241258174716306
-0.9444503520799061
0.7311129052019605
3.3779736624145995
2.616011322804602
6.076130624199175
6.575051430863613
7.749836045909431
2.8335591038763868
0.7312908312813893
1.1759809491048454
10.51406754052167
-0.27288846191702243
13.940703695066023
2.3037724126028953
1.1712138705657256
1.2009171972668293
3.0083826776935556
1.714641348948044
1.0032800825759292
5.338912582757418
-0.4999447873828182
5.454140762276795
6.364495638052553
0.05300124633643355
0.6395006395688834
2.7431981612495404
2.483015562353353
16.56925966185278
16.713869809806404
5.074459974455116
5.132216722533485
4.733581999638763
12.46475272177252
-0.5658949877008739
4.961566209703871
1.1796191297018601
-0.1622289186685364
0.6279597983327001
13.469594766533497
2.0261448589190687
5.84730175395964
0.06947381959895371
8.400765876070363
0.12689282783120648
5.257602004402462
3.7293876350414674
-0.5835944609808805
2.1038869567708254
3.6127424894499187
-0.376599890752108
0.3628849830059431
2.232233450104512
3.445444151378042
0.1982262964894328
1.7405482164478503
2.5688654829428996
0.3820348267703013
-1.1630225383205517
2.7709647993099806
4.250843651003834
1.1818019599772065
0.044954796833169386
1.235972905404279
3.364313588447059
9.114617719647434
4.704746902110253
2.5302769387397652
1.275972066947668
1.9418837787771264
5.092458337759231
0.3992873795923737
0.967199267356373
2.5579430543425072
3.5822530133701265
0.4588940755550699
2.6519382348902303
-1.3717838573795504
-0.9474804928356888
2.6698107706842933
-0.13635424537965357
2.3369094335725733
0.6645663905600272
2.8834766512852257
3.4994027853192806
5.178065560484447
2.545787708255211
1.4420350160148498
4.512162706837921
2.4205582876702625
1.2047756709187436
0.2451368274246455
-2.9232357280195194
5.845636005752691
1.5946644587002021
0.8151728045248599
-1.230712072269597
1.9479843228021152
0.44672888865108185
-1.360234114363328
-0.4523716499594439
3.751976293957037
0.9675193804359734
1.6614290578950137
-2.0691975117815593
0.2846162528090297
3.0215703704007577
0.803172406696731
0.7878111769175804
1.4063462383961998
2.9219823651345864
0.5124413954136582
5.331788811841645
0.8195367165206713
4.174968231572393
4.846963540670931
2.928205967983194
-0.6363337417584454
5.536046301642379
7.358010303544855
4.038571449790243
0.6715519565306725
4.237707600368752
4.429014022539025
0.36385449708516715
2.625546096545955
0.6679076137781972
1.0342954011353382
4.917397479670448
4.7609092663002714
3.0840032687317467
-0.7532274548427016
1.4459345189484638
1.6006197223244016
2.2658743787283155
3.170678673910044
1.2003637107495528
2.471922417488128
1.6568777058560125
2.542007024441941
2.0346661567784237
3.378582187093147
1.2955556048144623
1.6370208529310926
0.6039581615684666
0.9397070687281488
5.388442042238166
4.5607635109004985
1.315646258190373
5.117573358732235
2.7669646385549456
1.8959010998190142
-0.08428084016692217
4.121666875301123
3.258885677317644
3.875514976851675
4.081999830204313
3.144052114942713
3.1378846468225627
-0.03672288794662393
6.328423496271391
-0.9431622338146846
5.486967062496022
2.1630794712039507
2.905456028135175
-1.8586932455779053
-0.01086225165730026
3.6219248474773016
0.8898163210362973
-0.7454869756629867
0.8397490962909311
2.1055312276750744
3.460618699548868
4.249305042745195
2.6869917544675976
2.594649359389286
4.866734185626832
2.9587194046185132
2.4680263283629182
3.7279972999781066
0.952574987102746
1.984892624351413
4.397400616731917
-0.07488525651084688
-1.1169017910440935
5.05213179997301
2.502500712007148
2.7812281924570414
2.523725832934872
4.1558966057437265
0.4368954721162106
-0.20309008004078888
1.3361331776444854
1.3855831672341177
0.8869785987850369
6.587114177235375
6.536425945696418
5.922164987305551
7.996586224134594
2.1026441826965474
1.298850351534481
7.70273135386874
-0.06096003458237176
1.5543953014693497
11.368029384453871
1.3114766729549718
2.49943284083483
4.59809431150909
1.8272990015812485
8.961162953227621
-1.1280122357798592
11.50201557272621
-0.5605441998535663
1.4640012882384523
0.6313764931198755
0.6649438763629991
0.6937437062561735
1.6811988473119632
0.6095415934597461
0.04584156421882013
1.9710636745188361
7.750347906747486
1.846855269420445
8.072436674964745
3.10132383282545
0.5935650256879648
0.08213434250636964
2.346667029423621
0.19826219845436577
1.360467417529835
2.203421227535114
2.3342828604125296
2.0308956596957985
3.1022999442047277
2.488544677461493
6.0977915304812385
6.8668797600916
3.1279714748830045
0.7567274989447179
2.383283706485466
0.6273467963171144
0.6314051240099248
-0.035084710276274134
2.3514354856160438
6.275491997746885
1.457379535695546
0.5921327188161911
0.6708840965317213
3.1489524002138305
2.974520087622964
1.930875704385645
5.903818384017826
-0.4870450881215791
1.2494568405305555
6.497548057033557
1.0256379425700326
1.4068969273912053
3.850693217385495
15.671283773388339
1.9440222007110601
1.895538375784259
3.7304008895619694
0.8995242108276145
0.9398163040581389
3.347605476395283
7.053127042288189
4.368881548946792
1.9376066832924494
1.4040909758185747
0.8265013969622228
-0.5992184911517549
3.3206461145710877
-0.7253264755443278
-1.1307325231164844
3.332097592927818
4.517282348562892
0.8803970333677889
3.345431826869732
2.693187748302964
1.3524241025192252
0.024305760984957958
4.067419196872883
3.008787730585336
2.35219734513684
-0.06751168722841916
2.0719165069488863
-0.13732996405899955
0.5582868255856173
1.8619382635685362
3.2230015683111315
4.758301798305959
-0.14742359989262455
3.61746040425974
3.8949824482560684
4.965252598616761
3.505024956574215
4.189782023098923
1.6628255635215843
1.9705066050169349
1.207760588017738
4.3055238719244935
3.564390974406913
5.021261470330128
2.62817880448691
2.8400488790511638
3.8816953292014826
2.384431491059831
-0.5663329735251343
1.1460449900409888
1.7720602015285352
1.5274789157407478
1.5961897084063144
3.440570199025802
3.7059219240784573
2.697452425871883
2.798171363582414
5.61120665994601
2.5882592249460488
-1.3554303244015342
1.9051616603352064
0.05405798170450726
3.3491748750953496
3.4045625908218864
1.7276323755828789
0.756484164164112
2.624528813014341
2.497394428406796
12.210531085183108
2.707996122278729
0.20186258363212706
0.8296215995917497
6.388981428748941
-0.15841603282510697
1.9917135025017585
-0.3944327755945367
3.7364304970758604
-2.4572615868923293
0.33151307686374243
0.10253459391184538
0.32638928129438516
3.942141719867562
4.671794260641003
1.886725889222193
4.764797593444533
-0.8915910550435864
-0.6707064100029128
3.6881793624367574
1.2822172567919956
1.2251188308244376
4.357413887253899
4.760899817683364
-0.8105169610688805
3.737443130709787
5.157975804062658
2.4100044583937255
2.658194189078594
0.3996404557604143
1.6261731348653923
3.720225893072514
0.10193043341016672
-0.19978683347135107
2.677274199756372
-0.24411167056005456
1.3917093242759666
1.060429496441884
2.8119836683070143
2.9589736568239684
0.022423590654181202
1.575797819467112
4.958583668601365
7.72351698600118
2.5624340844103957
1.662028624927942
3.6100141033899726
0.9922000432532105
4.385723287677231
1.5182632098124735
4.083472107694946
2.4800716157340865
4.609582287366379
5.725129347546972
3.4216567632118466
3.7700552688142035
2.8108201979819207
0.06786494839790458
3.104388671433746
0.34497677154828565
18.002374653886616
1.9622912574953897
5.048010677254139
0.6179417665804521
1.8407117003117937
3.2138718724233657
9.308665830150014
1.5560865816831988
6.462614462686403
1.6671972704877063
2.7084703384781053
0.5300894833583261
2.516959628262035
4.5150970211104635
6.856185799489644
1.7460286669153298
14.879608142311023
2.4342157814463388
7.357160699081034
6.412988363249241
2.877668669587509
1.6944433620425745
0.7441267533083931
10.522484237095735
1.713429718643363
11.771091406651085
2.605640584987613
2.4388982238038466
0.2559189228283334
2.9829250478120333
3.1316477751995873
4.930102667969279
1.36490954520022
2.488853616245949
1.2635266730018961
2.7169375220172283
1.2696307602767312
0.5384840553948798
5.426210269625988
2.4966767361546554
3.004991476456646
2.2452104790180525
2.1909763472892734
1.302746526647183
1.4617247831254112
0.6242154419172059
4.695125122678938
2.105746958544416
-2.3342091950023773
2.128536782013502
0.9785404038597567
0.9416339185827645
1.210103295097744
0.7888469751186644
3.6874361223355487
2.4216711009213565
1.5852689622203002
-0.09803468687207517
-1.4627696081850676
0.6614113866179292
0.10077659178682685
2.2713991414766026
1.4137477885977587
0.6789824674030756
2.1890002773684945
3.058564244903671
1.7598477245852187
-0.0006166809701859677
3.540303171015707
2.0887020103800404
2.588545916594825
2.4995842153409678
1.7423888747655596
0.7095674404104724
1.7252593252050172
1.0911067632251652
0.030855903370347493
-0.04020878592828847
0.9189160202187368
2.7515738989967367
3.097107517546899
3.7822020269463374
2.352912351197098
1.1739899322189633
-0.32712628694620016
5.326898277143847
-1.1990328920627906
3.268878587103867
22.84557972948908
3.7550530434413534
1.5725421713207453
1.5611708854217616
3.550263119679159
1.8774673155084278
-0.16383717630813033
15.560815599415784
35.71590587079382
2.3769390822724317
2.508922258487876
-1.6169628500221482
3.785561668834646
0.7209567338370984
-0.16559633842578925
1.0658898615980223
0.7943736226411733
5.148978217199604
1.0537955688695428
1.42056698152477
1.915313765224683
6.942778708861056
3.4636832759217993
6.605543372465847
0.1225801739873309
2.4314668512947453
-0.3407228874871928
1.42725671730123
1.4168492223375597
9.462417407835947
0.09376157794859208
3.4549440623762386
5.149376724086692
2.664975048093572
9.593034757849836
4.727310125931814
-0.39890584480160096
5.409730626189525
13.186332806310173
0.44437896474061045
6.2741133343070805
4.923648594173205
2.5854055556999613
2.097539187562317
3.951358748607312
1.8121238893219545
0.5939862369781523
4.436020287138369
5.64321221755235
2.9587867384519457
-1.1182551480018856
3.2844060939701416
6.956611495345056
3.325613101333663
2.2986963980524653
1.8341558063049348
-0.03975996434811302
2.037317654903271
2.73464325593047
2.109069396530831
2.411635071456208
8.286782308603096
1.3584378292247459
2.6615532176457224
11.287645233848496
2.4857068673342395
-0.7199525729523351
-1.5865257208915804
1.1742382330243433
-0.135184910646708
-0.49890982632497693
5.052868643738933
2.2798598727146597
2.048900238975853
1.0505745293543678
5.047450520222232
2.105951425055343
-2.570498586710707
3.2684405259609792
3.922848072893618
1.3994242825885366
0.6043077309935541
1.2560578791372015
5.858893553853672
5.646677453564113
0.5562402729024405
5.735373066393639
5.490798313292668
12.794958397081203
7.673244407757823
6.185862901860428
0.06753415053764678
2.450359411395124
1.101725982255923
3.413285054543234
2.2530580469895174
4.159516909105454
4.53102139469663
6.299071172209896
10.039088798906958
7.161301251561338
2.566297718415651
5.0933409020613825
2.682088940565757
4.737273204325319
1.419512795268683
2.5494932921029707
0.818836677152381
0.8383602793860836
3.295673227498
3.6019912690685203
2.2996166291994378
1.2293759325113425
0.9455270638166609
2.719909323364543
2.6756674598594063
4.714607282680848
7.033188713749571
3.9053065364152313
1.736717094569535
-0.17642977287662154
4.554416159110898
-1.4519393876573699
2.1630900175056365
-0.42174972166104396
-1.8309662011185073
1.2249004703830353
-1.7926628162576739
0.3897033388528648
1.019398046957889
2.060478195817139
11.301638125310228
9.115613513310608
8.169865791010242
5.422546876248748
3.849778266509879
3.7866590407512533
1.1167578315588729
-0.016984345617216956
1.4071880637925605
1.4163572864386444
1.4617429498175432
2.8506447176582825
3.809612791707397
2.2126799942314173
0.6908988286652264
-0.027237945345634174
-1.5149542773446765
0.7880341531484136
1.6291422567904863
0.27971540669289485
1.192747849755685
2.0263012430874934
8.323451182045492
0.4179973290945056
2.1847869562819513
3.2446466120580535
0.40128923505798686
5.450529094122822
1.8478408629737322
1.7609927985652531
0.1542702721945397
2.4531082095801677
3.988008088507371
2.0612663231433803
1.3690038933040465
1.0820008044056013
4.053218553725058
4.219649168731999
-1.1783258470541702
1.1140285375087453
8.293847999723981
4.03152410721852
4.903938180945139
9.393122961551342
2.5612411326652946
10.878275275774637
8.51457580103929
1.6672458819886435
0.2980619359714689
12.992037300090818
0.9732582867238799
2.5588880246639176
2.731580898740323
6.920055541171798
8.392879371361122
2.5634210653397407
0.9671216475470625
3.328505603906588
3.377012926299086
4.270429982789302
3.424385056966333
0.7572479099335183
-0.3085023716966744
0.985513459557187
5.078621458022238
5.801403357574303
2.6661756545748445
0.45207141815664587
3.4178841525408235
1.492054948060299
4.349145962124686
-0.3691724660925837
0.27084057010299767
5.140567478545554
1.1544386843209173
0.9499658757640015
2.8907170667837425
1.9621315822532104
2.3628186519763235
3.46823120389303
3.595531316188607
0.1706156699347361
1.6138775689330742
3.725103122696609
-0.4296023301322027
0.7960848616821532
-1.0914777069623476
1.2434412866450681
2.7870752192897537
0.6479823881352884
0.6345384340783511
3.6696182233354966
2.4944100443153245
3.1257208846637656
1.093383609210177
4.71298247950859
2.6548739907415255
0.6533811421827249
0.5719567602946671
3.7842430751046123
-0.8982393704471738
1.726380586818258
2.144130892764703
11.160934217989777
1.2680794146745356
1.9956992751030163
6.378751776433152
6.636839405501618
2.061034708867561
-0.7521794165926035
0.2894423117492637
0.46529337936379167
6.116067304307121
3.0388381748972684
2.9116611482347556
3.521673932591214
3.3071228725500967
4.948609645231047
-0.6887781516413203
3.3319223344450837
3.0186067313387337
-1.4540931736005298
1.4465565431097442
14.970142533950552
3.5289998602615973
-0.9679021738679225
1.614911656433553
3.6874945513619775
6.578813608614792
6.27667209910523
0.15287831843723598
7.430347714543318
2.5406986082017142
13.752631065346698
5.10179778081879
8.398443330987387
-0.3555690768089974
-1.0074059798798607
-1.37107507314705
-0.38827966066100705
2.2304867928937235
-0.6052293527924013
0.7331019463941426
-2.633277418634358
2.184159266504782
1.1096938474859601
3.27429906166011
8.937682366481235
4.901822974545836
3.833261074461391
-0.5677372494154727
3.2539226268058474
6.460431858493129
1.251196920492818
7.62399679864763
2.472840820481157
2.284301059874104
3.1730127605739495
-1.5517177726554436
2.3169535684957863
-0.10999936375142383
-1.0188387613622614
2.401455261163324
3.6100566226050064
1.8976203545273576
-1.203752035045629
0.11472525760656471
0.7901556415234845
0.720764619368097
-2.446156125921916
3.3446491747957143
5.51933869925861
4.136845250990232
3.7313111534129586
3.000712817031271
-0.9177181602620685
-0.6788063501792241
1.4316967337429032
2.320303095791343
1.7527073805659779
2.941605974540143
2.517060942612635
1.0156389271323603
0.5319267592003807
0.7712891980154373
1.8295363770869217
2.295651778930001
0.3882721701218852
2.073714592172437
2.7287297609833
3.03182692917676
1.4081010439038562
4.357090993219337
2.996831129118312
4.2630365366549
5.060642710600579
7.168007800157537
10.014072763249011
2.383361824074965
2.7433276495402295
-1.2718572240712884
0.22413408843671578
4.539030771580212
5.322097392333895
1.8685123420714407
1.2987320916871117
-1.1657980876112117
0.9926939181593142
4.2380101856654555
-0.31223997064037223
1.3820684893570025
-0.37308304510712187
1.153155761898465
-0.34857036837212596
2.262893687529039
-0.7144947602900378
3.1179753764640106
2.0084537370525495
0.1372051312510314
0.6818826155394555
-0.5284247603686574
3.2404074082752
3.803417017978734
4.4079825746374155
15.093179513655924
8.424651220475887
2.68323576766514
6.146228005684315
7.5127102578000375
10.076777197031618
3.0724203256377765
9.463879090250886
9.415751803762646
8.602637794741113
10.835515595062432
-0.9520187562225291
-2.617297582391311
5.035625149970194
1.8543328795647367
9.599227774052785
9.753496768500275
1.3466184275074495
7.516115625050489
11.885324244458332
10.488853386639063
3.04553490780565
1.8791600766155585
2.1002562861132925
-0.8073553144829506
5.877632885257526
8.396757318396594
11.999090144315197
7.9003015615485985
3.58452925533431
2.5760263978516518
-0.5705781539149102
2.093509248507213
2.6476420381409365
-1.2114090765850407
2.9548049548738478
5.521115919958033
0.20157509582051203
0.3126139612808483
1.441700412262999
-0.3391713016452551
2.0183472668363587
-0.26161757970686383
0.8507228460751379
2.6440229879444948
1.3641923824686066
2.71728943516929
0.026863656703426386
-1.798405970715766
3.9871380148344553
2.0231200478483338
-0.3990854210870889
4.622579470543599
1.620750457453307
1.0000723933082298
1.8983538491121723
-0.8263107347873351
-0.3460660140809966
0.4612265402304987
2.340147181064233
0.40604649368853685
2.3245681326555907
2.0130128124551563
1.8838151747210097
0.7308003930542222
4.94494303501288
0.6263476922034017
2.314806162567183
0.478728924469654
-0.9120837375180384
0.06060344917145288
0.3897838071824815
0.13408691362325875
0.3537431713030814
3.65158381687125
2.1222394702532825
4.0003922204346765
1.542201812431782
2.9590210951942426
3.3154933825475004
6.158732087630381
1.0797887735143976
2.049880311858849
1.8914092299493086
3.988839539661387
4.730146900919745
0.6809831569981428
0.40331583369816904
0.2969871540391553
7.364527197608435
5.6773214000063215
-0.49014048132337784
1.4536672634869845
1.0554282359342355
3.3281204890703027
5.862136705698651
1.207468509968508
0.8166916470887389
2.49468748549158
3.8425983571877236
2.6215840536600417
0.2892348683770636
1.4589979409812137
-1.3471819393895823
-0.6292796981965383
2.8451899623571255
3.8176743005370852
0.5760968357109097
1.0552399259580332
5.365532794980665
4.394018852004021
2.6997895546337736
-2.4787654659234573
-3.3426270224054386
2.71790700840711
2.8810526753024552
2.627741010565773
1.1217478905375367
10.520723232893502
1.4271003248916494
1.2817762292822774
-0.4121663506716615
1.9282138617851716
4.0245097061136255
2.9606495224936333
2.13227423523029
1.9967390614700729
0.3100777717330381
17.9610810603617
2.4047788815825517
3.199447447035383
1.335962414278486
-2.5992404319742066
3.49951209726686
2.3332739558848377
-1.3725245446055094
0.5978790211650373
4.330318822038524
4.1763676457510615
0.7634564855781427
0.7086138318515465
0.9868007034496731
-1.0465945341372855
3.9172009119189406
-0.4230291891052129
0.4134817166766893
1.3016004979480253
0.7870841556755039
1.957501813917031
2.3160725283188333
-0.7957602171634981
2.3852277350910933
3.0718782194057823
1.0599853373265409
2.9400860920735656
-0.48871877848962275
0.7527829680723468
4.972506126566266
-1.9634018349886002
0.909831830514253
0.4398896358131945
3.2664329763267768
3.140612302236626
0.8908579907956296
0.31831782987307555
0.625529550519252
4.491726014894804
5.656095222629709
1.0890870419196979
3.803433962683697
1.953563803366626
1.4216353827807133
3.422781449464549
2.385992195538794
0.7497632451699243
2.938984854990374
-0.9034496262684899
1.6431123005883903
-0.40847321170246365
2.991044464376052
5.097501544668052
0.8881111142958447
1.3274967011935783
3.8696046545709657
3.3708888530374796
3.488631893453645
0.6521840230692446
1.4540110480029618
3.21047341748228
1.0771026855426884
5.247318068158499
2.0386951596325984
2.2667843717761613
6.191291567793479
9.989699876294797
6.838170821015962
6.535606465739948
2.9343277987925225
5.210061855381315
6.261080956052991
3.2922344659273417
1.1100388260604206
-0.08704069694113947
2.1480096848735797
0.04300515579189268
1.111795329746259
2.1931730355691705
2.3315324753326445
4.87131167920734
3.7863314036669773
5.48132951978419
5.289299079772788
3.4042720184496713
2.782215652617432
1.4668189437032597
0.40375369913724835
-0.6821245169491283
2.293503294330901
-3.2773038007936095
2.7765427980649022
2.4074333478523124
3.241567831423712
-0.7459328392524589
1.6662213116362872
5.965521646088095
-0.08810274771686477
3.5720871542456782
-0.5925009623291906
1.9943494236609072
4.037325271603147
3.8913499007514836
2.020394771726411
2.361931141011361
-0.14123342779596393
0.4354568302565591
0.1762752210121734
2.3663358863039483
-2.2010852132206646
3.507112196965458
1.2834766188937043
1.7312056753549085
0.18190593441254754
-1.1646675431923412
0.5163130088722547
0.4373059962400465
2.0629523688539515
2.0614566831048817
0.5534173273654701
3.2241807003635934
1.0211000294188008
-0.4981871601130745
-1.4297741038279446
2.220495442072351
1.5030721933896738
-1.586734896732076
3.513660115285475
7.217527750458006
-0.7899853120004827
0.5607765517473458
2.9544962348333983
0.43952924038964447
1.4795212170613705
-0.3402826653942703
-0.9832414808258201
2.670315440274151
0.24035061619789544
1.3343263031015957
7.237982573119837
3.592483306708167
0.719388446610089
5.126543323075433
9.055317589983652
2.296126747176615
2.777013694518858
4.26635728380334
2.3794173313415756
1.3736018670570942
3.6094576129784244
2.22238260711754
2.1254730198000185
1.0548190988208492
2.238217332531227
3.757116700948232
0.675967864103787
5.245418401296296
2.568784844126956
-1.3780984391900901
5.7908880790236
1.2991906671170443
1.689731187268959
-1.0675218951677155
0.3477094897041608
1.7919565384548153
1.4960686104675633
-0.9387724607361567
-1.0004251938383941
-3.9176242502856446
0.11904277663973706
-1.6058347519694918
3.805410403018252
1.4448060016330797
3.1905430704182094
1.6993905444819124
2.3020129248728143
-0.983296237383835
-1.1739499753549396
1.3533550311940963
-1.1396825952910083
-3.205770035589199
-0.7871940525934156
-2.6324776741548463
0.04357800734090156
3.110745477561291
4.09497135691434
4.273164553338713
2.34468512180113
0.9738104628968542
1.6757248535143545
-2.183980683859418
1.064640852427436
1.110468638688534
0.23664782094254622
2.4865306176451814
4.802465118703152
1.1392552170790085
0.8957973036743945
2.232367561583258
-0.6829938005710028
2.7117329229071236
-1.2702345121006768
2.991826990795899
0.8975352767017124
2.4287505382949126
8.905532382976116
-0.26002224994295786
2.765573686241229
-0.8000038415352546
1.3206846020419136
-0.3677718688097855
2.5184446907629745
3.9900385063690815
0.6607701661016112
1.5834715601364393
12.956246562682301
1.0781730550833155
0.5155910035506321
-0.9284150142396685
1.3919447572382078
-1.5102098456923931
1.7115533343342306
1.2917972167136496
-0.34051733738051126
-1.080878151220425
-0.5394478267788696
-1.761951077967211
1.8109361396125505
2.7605772422884716
2.2480996413962737
4.60140765548753
1.6069488651282422
3.800105416306466
-0.25124971879025493
4.761851011991594
-1.1593820651453857
3.285339142789752
-0.8783448830671927
0.39869967008885854
-1.7216734091716386
0.8004495244788987
-0.0993405440681272
0.4013639559042823
-0.8256795995175403
3.002874107725797
5.150456782334219
1.0769572612335148
0.12987145529659494
-0.1334391889204407
0.1328099248683925
-2.056377138813948
2.464191153074927
1.0833193459532227
2.367492461909279
-0.09718695639410035
3.072758030259437
1.6878665152890822
0.49646955727873854
3.4115037030635396
0.6977192509131074
-0.6697111435593863
3.256220238573298
1.5643529193921724
7.683344186671866
0.03407639934283191
0.04525690388072556
2.4998454131195995
2.3299521940855006
0.5064052929777534
0.13235732693636804
1.501818728785693
1.4846159747886711
1.5745945598620232
1.0637266989581629
0.045194054799047256
0.8167097114488331
-0.2225779557632941
1.4412403795075683
1.6616709187227732
-0.4438500557064047
0.33584572552132985
1.6363601332407873
3.9068216336717065
3.364250502186154
2.0653604420848706
2.4165274107955903
2.8153851156223504
1.1344929660209229
0.9630304806708665
0.8889582210807998
3.080839589952864
-2.6053313182973463
-3.646906343388787
-1.7077576151538398
-2.8689692253727124
-5.221716164925818
1.1590775464796295
1.3107028331187738
0.12111803400495114
0.9755137153885207
-0.5786633555585119
-4.075119628497104
-5.807602667851684
-3.7888730432104056
-5.561986422524947
-1.045424939898252
1.45697592063512
-5.420638771958373
-8.236861143121228
-7.100491713125175
2.489525522122167
1.3926855693240414
1.7437342130733742
4.494779064125147
-0.7026468586882122
-3.2588199729280705
-3.7320617868433033
-2.827173500998441
-1.8276013909589541
-3.4103253567053793
-0.126099010223802
-0.9985679061797095
2.57653214431732
2.520575797333001
2.8791968910586565
5.786954635674649
-0.1903417078265064
0.5868012059212497
1.7856597417450064
0.8025520892422897
-0.03964254391423383
3.034438609687349
-1.5135678542548667
-1.1745248898928313
1.6137580639275204
1.6948557056336349
2.8760381380235813
2.3043657533962296
1.0347558299844726
0.02211386348067279
1.3218719273046349
-0.06525903362137786
0.2862786595667193
-0.07548419593163103
-0.5613937620690825
4.555161171640586
0.9664861085971121
1.6081519282424883
2.736561400603901
0.5668738018668151
4.619135387882226
4.634615989292856
0.8306645099707399
0.44015872342484386
3.3156955592451824
2.4982764932473716
1.6443441646329853
0.2272513347186933
0.1981211936320606
3.5592499019377692
-1.0563070755820896
1.5071586221797804
2.508166479708623
1.3133357882784225
0.19658206805892697
0.9192089606303269
2.114454477020299
2.515008511093299
1.4341858102814098
1.4989698035789458
1.44026275837614
1.7761628607682367
-0.17146493832047094
1.0547330781846003
-0.41426914844472074
1.7357674570876744
-0.13324133052833553
0.23726426305446613
1.0034038026319436
3.0285800476802516
-0.013370498946072118
3.166548638046841
0.9160304323941091
4.818452338306278
0.1759653112461106
4.711293077736598
3.09633821247878
0.050956961535057355
2.577837604430375
2.623098383829301
-0.01882159783630133
3.905288790061399
1.675572509868266
1.898532895619422
3.6364924272649715
1.773518187357596
0.9059316838119107
2.440645140970145
6.518717362194327
1.1954093593359476
7.1906766391770285
0.501074225838942
0.5575057024295953
-1.0346107952353572
3.538799338387029
1.893925175457728
5.195377213845255
5.732924618128786
-0.6530279168360671
-1.8859662306402292
2.48311988057604
1.7478762244986157
1.482768763526693
15.908687072707766
-0.4347330004107399
3.8527310207436827
10.297389577975595
0.44959476793391273
1.1407303822088388
0.6576001627978068
8.64299977728883
11.63602388690006
6.487538611785647
4.173798019766571
-1.866484515719724
1.1353484161895127
7.286948836318955
3.1951645818385934
3.870456798326286
1.9590472066473048
0.40272682691297446
4.54192444561051
1.133749161549896
1.6829255697432801
1.4108839708744567
-0.3367711573202392
2.882322812259349
4.236866255973388
0.5458090029495757
4.235610685742852
-0.06136986638410602
1.9841878977152068
-2.918766787671368
2.5420182090697567
0.8162874492672876
-1.0190505617337342
3.064353405831424
0.8826211999389044
0.06923203477369122
7.83271779014485
3.35545129625228
4.483483868432478
-0.427135740802425
4.591694456103695
1.9230397799220003
0.7965126388952837
1.7950335858515476
0.199707746885744
1.3598348660212014
1.3398565271155531
1.6768652878518153
-0.7951008748803752
-0.36276322175128106
0.2943771098772119
0.37522773674573817
-1.4638613952404724
0.7737048530646982
2.8740183922208824
2.264768892011749
3.687415611780235
1.0450341401505816
3.6129880114552444
0.23242538752214692
4.10515093245519
3.3733199611806173
0.5719461636719543
-0.7964969387327518
2.412449466455734
-0.040695465566898736
2.642630272618371
0.8814829406787401
1.1908435620226052
0.2533757745474112
1.2156810975697474
2.7382580206440927
0.23208748040979832
1.7939342912526657
2.287071369359048
1.1224319755029657
1.5527130082000673
1.8155289614658592
-0.594050773785405
0.6076578961905255
-0.4469776134393839
0.6690708487057353
-1.7436209138180274
3.8442036477194397
1.285635576677993
3.3559241942957176
2.757482801701491
6.5728577357508735
0.7316022279197898
1.7062780689419563
1.3214451006886998
-1.3234565592502217
-1.341238168688963
1.2717597411742605
1.9981932152807673
0.7272340903701082
-0.4305737013561095
4.884071320792449
3.334526282740201
-0.15485884392028337
1.1867383481142293
-1.0673525103532087
0.935939691677792
1.9267714158710463
-0.5521250993311682
-0.831235804941233
-0.4515042848607522
0.4139537353374607
2.0340225062185207
3.5818404507303523
4.22696273872669
0.9240387759822604
0.6710145867697943
2.395151322137466
-1.1336651173436374
3.211698145852305
-0.10960508520115009
0.3607004392026547
2.4442873670540113
0.2543770543344741
3.4024550600209706
0.23919252259479196
1.8058414568929142
-0.42077009819558286
-0.009487118562897079
1.4735089675091089
-1.0726356342674468
1.8936090143215252
3.9329264887897484
3.2946556946397534
3.4719639509257765
-0.4074972244581434
0.6863707361082625
1.0878512182702367
2.885936948037172
1.6476560497826689
1.0658086478015407
1.8170054602868277
-0.9362858100395597
3.5962244140599977
2.8974877946157083
1.8024511807020884
-1.1381278350209898
-0.9988530462106415
1.1926002704119583
2.518698474310269
2.280648161801337
1.367597010297152
-1.4155584627857147
2.708212814385856
7.377971352270921
2.4261138115605814
-0.6348456843139176
3.0637769173230556
1.0928141193916487
3.708283331737664
3.770307102031568
-0.9347232641425594
-0.4680941245302115
-0.3875813346248862
2.9208911863646874
3.2280744006801427
7.099891139382791
3.8423488803868393
4.66449410749188
1.9476030943225282
2.0295966676788733
1.807726660898297
-0.2839420728118074
2.3478998063612413
-0.1376587006651404
-0.8459120639779893
2.2752629639854276
1.7762883953884785
2.389594355598996
1.893954716234183
2.6236406710393
0.5643667544317088
2.491034580697405
1.9998249387161922
3.383963984227055
2.4688453523457237
2.37041798470978
0.2986356767864853
1.928559642415339
0.21334779916054103
1.881178303485409
1.2443028779314214
3.3248642201837524
0.9980594774282345
3.2922246365093857
-1.6627632146559304
1.2785707395043884
1.8167394297666677
2.7497452300318774
2.3559953440676153
1.595659938511513
5.175620069950077
-0.020644185520198644
2.1010435174446846
-1.4400194735875183
1.5058168106698786
3.6069527050389443
0.37928199882899527
0.08213256453285589
-0.026232646084161315
4.592064224606872
1.7362825460422193
1.5626935100316652
0.22890285177891911
1.7359353324512494
0.17870376047819025
2.601548674473096
-0.88190986407562
1.7880719289935534
-1.6234015511350903
3.2946528875499657
0.08467748491910942
2.273674649288618
1.4263248081503401
-0.44037068800332024
2.749056840407402
-1.774110691485524
0.6921854399021046
2.805795973224585
1.9298018396137442
1.2712171816730737
3.034410264653887
3.34293163258846
-0.005874802472833007
2.964074060545528
1.309664846066138
6.403920611124658
1.5037870766168806
0.5875614705219969
5.560132768614014
4.643402072400281
2.8776711201725313
1.0664551476019282
0.7270956830473516
2.9734665146740493
2.252966655349497
3.718249073470316
1.476866419746336
3.534025074067288
3.072212830525454
0.5589373777303401
4.058838540876839
2.3743286737126144
1.2288053908964656
-0.365109014357776
0.7022619043397473
3.3069206851849318
5.03719754595527
-3.328366775423669
-0.9728748304037298
2.35188894326971
5.215738580130778
2.970659284178123
3.6429993544347137
0.22559006568307982
2.4107795647487107
5.7161875465274115
5.026646288873054
2.011389009753363
-1.4837328937665624
4.584262617638171
0.21233186147318128
1.3099805429053561
0.6746031836863358
1.713594109125134
0.6028435179508467
0.8865695087179977
2.065846942956006
3.3647767480077744
4.151068026343669
5.579803905912479
1.5807604395918866
5.036061553223156
0.699361800059537
2.1208243775996163
0.06416286309223396
0.47609873541201586
7.236967594326621
5.612836968633671
2.542829962670524
0.3500332510098092
2.2098889199773164
2.471381480174253
0.8457689941955369
7.610606339204921
1.8341520989593065
2.2753177380236673
1.502635524482455
2.810924614767831
0.09921948369748246
7.570444784101514
12.429401613170228
3.6104994090670965
3.4297348715604405
7.535230830774043
3.7800071379882154
3.2264712795858395
2.434004711026035
3.2467752093098117
-0.08038354248938395
11.436410864471986
0.2862545828626559
0.8536620368706698
1.8378249337944852
17.734516606656623
10.656725628960952
6.429052696824064
3.7328108623471072
6.288673879413822
5.662597093854495
5.234123240312767
7.379140867215803
1.5217853581183152
0.03456587335995809
2.560785006737395
2.3351385011931214
4.704004082972318
0.23125454473726959
0.767783342112907
-2.0357062274998636
1.3085686386716695
21.733160693425333
7.124886607020973
5.366710671332431
7.286848029930509
5.226815188942203
0.9859752178306871
2.8175070223294556
3.0905921377277554
3.6843259892158517
3.31949282886575
3.7464850024723564
2.9430527795985206
5.738517413683397
12.128626948922786
5.212182154090628
6.661779795347103
5.687588925384038
4.28340269272898
1.1510934581721852
5.131968428657089
3.429235411831173
26.157393738720266
6.131587727463061
4.600079679954836
3.473442136302457
5.71673655506428
3.416640434876143
2.2000268412340405
4.185111097404587
-0.8608563663990889
0.5389400122643686
5.673480653886409
3.0441145844000803
10.811030154828389
2.675901878038821
5.646756046957523
5.151108855865701
3.519563905193835
7.841927209526533
3.653623461904539
4.6181208995788525
-0.05749176598385142
10.546949441672508
2.4637707048457487
9.655464198119857
1.5503663164416643
2.394188100803838
21.41982623513475
5.48289287854298
3.8591704837808836
3.696617047447954
7.654574644746094
-2.266406413126479
1.5493781960983042
-0.6762094712933575
1.6850374119639533
0.32401220984810686
2.8367532874806027
4.026124639936052
4.683322378435022
8.988028013876344
2.9328926067666607
1.7338632436874493
3.0234236764899762
14.106022410726526
2.599914595608287
1.3665972242077902
4.422278504960534
4.463957238567957
4.824563099494215
2.8707861698379507
-2.2094637955611978
0.11087295618729698
6.401877187987308
1.77807190569379
1.7380877139856796
11.473052873710213
1.1546505060542402
2.206059269996765
2.9511535333536667
4.248231248853385
6.712177538789188
3.1341338407157986
0.24929614711958759
7.315913692436379
8.659311041966273
4.904413775340646
4.060082884953948
6.1223891173979235
4.233006925565078
1.7126476297694087
0.3714387225114595
5.885886115123672
1.2001651396522504
1.9695590373980643
2.2791191152224943
4.739132534760981
2.382942925876847
3.16030421800757
1.4157277765963865
6.640153567078979
5.560080630834329
6.239103344390161
4.6806983796431325
6.9990539298329715
2.861477324409771
3.3535186425388335
1.0789001386322565
2.328846533346605
0.3277506171172673
4.269718655392513
2.6280446754363833
0.11991879207886869
3.213408682497774
8.976258990471333
0.797016427342655
0.1828165043448
2.937941812677946
-1.0572007056241257
1.0293956843086753
1.8897924218098847
0.3451591280686963
2.428364102611038
0.5263880231740308
1.2452078309410635
2.5666488711780406
2.83844181295317
11.042790938742693
3.5155112629158376
2.450736842528844
0.6257004596052169
3.7912654673059203
1.8659009831277324
4.759850384002988
2.1180502452473733
0.5806771190111286
3.191788609183479
1.514942680326366
-1.892431386780215
20.98158258276974
2.023441713656897
1.9197726878158725
4.116372988857146
4.403372644026816
3.2635127815315492
3.473692326903588
4.485239779372664
4.5766620185407305
3.0920113073947375
0.06325123368505081
2.9069818899411852
4.00458094623233
1.0949116005302149
0.37241070184901437
3.2169460348384002
3.2313000852984377
11.157351414139683
5.309849822470762
-1.2464830652561114
2.5756143955617894
40.608562614780446
7.916614997217655
7.861517192748432
3.387453347135991
3.965600259351644
4.466326449817451
4.0763501921437895
1.0618549222949851
2.350331988448867
-0.41065329823103247
0.34754024977971887
2.3755589677599795
1.8554382834468368
0.9596457259054352
6.0561933560032655
14.353952466297951
4.218646159141773
5.56094552587737
5.529702879820546
6.495913998872426
0.10592924363216771
-0.06695828280051086
25.892584742715293
6.5810716645653065
7.789550313923159
8.579328829616871
5.468455497000044
-0.02732825073654932
1.8028364644220225
5.566333505713692
-0.2030664080959923
2.6438668511530405
-1.0445595239172651
29.23498411415946
4.3697741093044336
6.325049149413108
7.792629267225468
5.107192077768351
8.262627227514233
0.5055915967316984
2.84817882175159
-0.2889427215807714
-1.2356314699373512
8.778991085119452
0.6545260828971255
3.256693697733417
3.270023045081869
7.346564758091198
4.959421655368556
2.166680431619653
7.695590293365402
1.0171133435526027
29.457345482767106
3.630580835963101
3.884242261634089
5.023889108714386
5.262378560658276
4.237268435313148
4.9117878720511285
3.8061498606697155
10.229873784082107
5.607842253144026
0.3041161666694645
8.551684199150634
4.467109657960516
4.587998438915796
0.33323406244946896
6.713250840939645
5.290737849352127
0.11217716059628358
7.485694432963747
4.297193849603614
7.646470925443172
5.424554405009983
2.1247713576634286
3.704907543883891
3.1434603740188614
1.6504396669194852
3.2162443715467006
2.0223196311597915
1.1875711800646935
4.426265999514344
9.543899934102988
5.1379682341971
7.9479509040429575
6.423129222196238
8.146325186875323
-1.131010296114821
0.6503997106155153
-0.40153567688112113
0.9759998555056002
4.445307867492971
0.5135720501925118
6.263734327776715
4.0020160867661385
4.665893457508583
4.496348816382195
6.596545411689725
6.1256947940247555
3.5589218642559617
6.126010310346541
4.5911565412434205
3.3658213222668145
3.0431207099155246
6.979945245608899
5.653011847595618
3.2929391416196054
-0.5317477786344251
6.771800569636074
3.3766862090640806
9.53427265879752
3.8675100711225414
3.970636303064982
-1.600041549776531
1.0479976388682095
2.499564144365326
2.2343845004243477
-2.0278070084411817
2.1726103461890927
3.1127466504314576
5.125530198496043
9.674149080191016
-0.3912817655781684
10.519830565903558
3.4893255320406045
1.699803871259956
-1.1663973266632253
12.030046463491413
5.984854529263557
3.6502995602405166
0.9454706018869505
4.764341167343467
4.57085428162895
2.1847605412432345
2.9438984135561563
1.687897339716862
4.721152493562869
8.407473091544423
12.49455352622275
1.0558280122031385
3.585256701812914
10.701935731660296
1.8152991038749107
1.9527933838398046
3.1069311304764318
5.227500374306478
2.142614996144215
-1.0480859751758922
1.2713460962841783
1.350203076139967
3.1355496518867776
3.118719630592167
1.2418677871007588
4.771736244858649
2.4956712381707717
3.506563310220627
1.221097456546323
2.559013708700008
2.5270428021275615
4.774683715337902
1.438576025775956
4.138781593187279
2.0010053180627203
0.7381746059252368
1.2311940053719677
0.5431158798065927
1.4224921261517858
2.759279321641256
-2.373018665801313
2.0452624254957286
5.267233149889258
3.5529363444382307
0.04479065415564043
2.411322513390676
4.7301148939926705
6.19214456383537
-4.499891058271761
-4.142135011087907
-2.0173370566248545
-3.109711983966757
0.09461682829122942
-0.47095470000493944
-0.041334673338533356
0.531796388273815
3.0483515930989915
1.3587296636645791
8.563481255889641
-0.9333075393896548
2.4180730433956827
-6.93831898028092
-6.298363938945794
-8.863137492915444
-7.546681426559076
10.536870604686436
4.8294256400298075
6.444193069370769
1.9612997939922567
-7.34703368710606
-10.55062426220637
-6.521436214849087
-8.845111464791799
-1.8424340163153536
1.079470179616358
2.586066161946315
0.6171951855260012
3.5999678670556303
1.0102622389420075
-8.943153175113702
-11.785114783114274
-10.205434225835603
-9.848926605630549
1.4988207444903106
0.3515774972301109
4.7674485613984565
-0.6261482017306663
-15.779815557832023
-16.52004124419041
1.2991175337839587
4.1005024278496665
2.1783349400413186
-0.6701856454471147
2.7692425971955927
-0.9554735576138391
-5.766238789878648
-6.87469323941507
-7.588475420405509
-8.11292637288259
-10.20347266591402
-6.473121413340436
-0.008802906988590209
2.9272908033349294
0.9816413109184277
2.320816194377696
-6.840568301714125
-7.303218921385943
-5.493766342239308
-5.213318022421588
-16.263581545534358
-0.30901304849489786
0.4048818668299836
0.7538490552087196
-16.59540520793265
-17.282385461040196
4.978771508979035
-9.681437742663807
-10.63731372692906
-7.184624563553571
-10.866029941486943
0.41842418929732217
2.680578043048592
2.1002858927283725
2.371396761004349
3.443528321368111
-11.57321010379151
-7.200020876002999
-7.691097029250734
-7.378136190512723
3.2720704839678483
5.547918446408774
0.9921894163844551
-10.321105453431699
-7.329438945724568
-11.727695024716684
-8.693073520621102
2.27967398196103
3.0634185648106174
-3.032660730425066
-6.849334417301645
-2.5022734301196734
-4.980325479187797
1.9586950568244106
0.8134719858064654
3.958607495265797
-0.7705774692995648
3.3787590922124178
-8.215888647809148
-9.117416570899506
-7.370648622470495
-9.951228729500848
-8.516555718035105
-9.079650071913388
-4.698971197862345
0.7040817453768673
0.8119436452837074
-0.5752138035485452
3.2093152189210663
