2.5533124000570835
1.9086247272312185
-1.6560759121829987
0.8515352450438562
1.5049950531114744
1.6812890174265502
3.088773461226627
7.862872894418564
1.1004071307206575
0.5834094122146649
1.802652420574535
5.890462855851741
1.0765182397369815
1.1453838467234934
3.085229969804895
1.06033279044624
1.4546386388808585
3.6495936326976395
3.788582406543049
-0.1924228683076672
2.6572182859102766
-0.39810560512325033
1.1556575852357343
0.3900547560548451
0.2105122546628928
1.8055774804868368
2.7059911952606868
2.1633358406265066
0.9986610329579577
1.592482394567905
1.1979094595661735
1.907870229727919
6.957492371469841
-1.2009456427176115
0.653173424348571
0.9821836344361623
-0.4472503488823971
-1.1208539551869925
0.7918283379143185
5.082933145781087
4.0224406449442425
1.6506710315926094
-1.02815260696612
2.0287303350542123
1.7792547924745448
-0.09600749431652189
0.8041937607593868
2.008379573196689
0.7353105853737965
-1.0994101393248408
3.5743060229766908
-2.307119746106745
-1.236690047812648
5.219507615004157
6.38648590683672
1.9554186354965868
-0.2643484337857074
-0.4809918878307389
4.432929171689885
0.7885983076930578
2.7646861095195248
0.9133464855478708
1.3105798300140938
-1.6194641451172342
0.41190565091736975
0.6818776010615781
-0.4265993286474874
0.4989698668092013
3.865877057309884
-2.187602453379912
2.6913459124536114
1.8437370960615285
2.548293756584666
0.7470240457110697
1.7830164520355123
2.110721141198609
1.6703113101769367
3.3788743486449135
1.2641284920899325
0.350389664420804
8.803761832794855
5.647064510754819
-1.7071826876134857
3.674452980523434
4.836318966314528
1.2578986532888479
13.064607769720636
4.963128435887587
-1.4732796288552952
13.377188961249171
-1.5058650865465306
0.5661147154792363
3.4545578393071708
1.4163423833375894
4.1979687001559824
-1.0907792915957621
9.672399004573816
3.1414134243603904
4.753425116870302
-2.704881050170062
1.0225688806452895
16.616023191435065
2.686544934219655
3.420692400346126
-0.756262491260012
3.239448534763656
0.28028719499423893
2.7416459797948254
6.485968721897621
5.798506018729329
1.4420681758123814
4.046345390822424
1.8300549331495743
1.8176600520236026
0.3703182848029194
3.7626721537090093
0.18918391615049202
1.8973253602099556
6.350441926326483
2.2142739737222197
2.263668204289436
1.6526641444149954
1.2211568930359449
-1.4698239070735324
-0.17751802571007458
-2.766829305599756
11.602914659920112
11.713063847563992
0.44505843296288017
1.3660731662932881
-0.1544193883872358
2.255760622621371
-0.6386568205496546
5.715614117736835
-1.000628242871857
2.886586103828145
0.29751253929603805
1.6745273476537923
2.626829221236241
2.2581293432232075
1.6814020631716382
1.990304833752522
-1.14195364671347
0.6184330824171291
4.945865147208245
-1.6696048392281886
-0.9356291946316078
9.623188094705078
-1.5651126698200946
1.701250410934345
0.6359397366560657
10.849059809687077
-0.303714131917975
2.2143066925530572
-0.22859930189255762
1.0091713831531433
-0.8172688934638459
3.134836403628852
1.0991920438656073
2.29234105529152
0.37989671864565966
1.0398997020447447
-0.7521214774038023
2.8582514555767116
1.0676662285617942
1.2295710646812312
4.352250256359223
2.706417190664828
15.35640684272044
-3.333280339835618
0.5457758085500799
2.1689874055089238
1.362604127654963
0.4911014360981456
-0.1252742199367769
3.7526280010681043
1.1223021723469444
1.6962327201944576
2.628812133010115
1.4019471019618526
2.4298204686886997
5.7134819574433084
1.3847686322247925
-1.7270077510059234
3.223810131722406
4.076509671692707
1.187538484354197
9.945954256784301
-0.8704943769884264
12.325594015268958
0.2747059166487711
3.529835746390881
2.439055081645563
4.273911046285783
-0.2655053181586675
1.9733447520177418
2.641962204762919
0.9507122550327973
0.8856879931447894
4.115011896686175
3.770721963972262
-1.9493679379127535
5.485372298982911
3.9740447961842067
16.56142961110049
-0.037247988016015254
2.394517504490259
1.0679404260518819
0.4862795856668811
3.895362133828833
0.12330479703037933
2.6491974089796333
6.683736235973535
-0.5795231712218503
-1.694958220181311
0.3319888701044602
2.096405514706302
0.46176124834897214
-1.8574834339751147
-0.7916305322058206
2.264584637325286
0.7961186849302944
4.111066142937119
5.575842705595216
1.9137626649656683
4.0258780870071735
4.432323751952316
0.3752997000276799
4.9153261270949695
6.457052338957581
0.8468100734877972
-0.32945312917070657
3.263168747481718
2.083955335206336
-0.5862263620869288
0.6200106851532363
-2.0807185087236073
2.036753371731815
2.890585730646659
-0.9572720959612262
1.2418440007658516
0.23289934210944052
1.6620456608957286
1.4629581484169665
1.0463116255137044
5.521229175243004
6.43476465306246
3.656004315186788
5.42849015652798
-0.13827773582683767
3.144739807916875
3.687121293861291
4.800042748313143
0.004591566468854058
1.7817343085042985
2.4627312146945
-0.15032338487231334
1.0205488566747025
3.3394636058418214
0.33740791676285586
2.481261853461975
2.571616904302858
4.547930888763651
1.4680183670124742
0.2515136959265991
11.71754400994799
5.729144902453786
-1.388230080108735
-1.9266671996689635
4.618250675000368
7.498785835588366
1.8166458629020499
0.4773944658199565
4.749809614686153
-0.14903319673507798
7.684178199523879
-2.665865225073564
-2.1339689251320983
5.521174267014699
1.2952697441438996
1.501916731463609
1.6590107474388662
2.0295406298589764
7.18471624216645
2.6713656104080004
-1.0398238256603116
-0.11795545930557028
1.453062118550639
5.207741840536027
-0.5815387032124528
12.643560526518158
2.4003345923963737
1.6932963372420526
12.778302482572274
4.973086911454976
0.6935446358908519
3.231141277989386
11.179377033331013
-0.3766063106633992
0.7061615942324797
-0.027438330662284738
0.25776646221961674
0.20991656057753127
2.0444405825100223
-2.037682584239853
0.7811749066057843
7.501442678030344
3.1077291287169864
4.088750399789745
0.8186457317313565
0.8829735152660207
-2.162296122876266
0.5408103402839486
2.0847631597888503
0.39099703128305063
2.358523659830084
1.4182605062239266
2.9270787439433557
-0.7787303880486864
-0.6885463175776614
8.986444669970913
0.41288079027169955
4.102324036977061
4.8657119435898455
-2.51728122980441
0.6345559331485267
3.413270560614281
1.835008567292402
1.457182521768423
2.476394420021012
6.844012503649552
1.7269403328457735
1.2485821161526909
4.537849130817397
2.115146328365972
-0.6585739875958208
4.692654491085486
4.8450399720668305
1.4142828381255101
-0.6914819974957196
0.5278143850036074
0.5182395354300267
-0.29265596753882517
3.5080309678934314
3.3020822239143337
1.0286350901706323
4.567615192365599
1.9997222255273137
2.642032194204055
1.19443668206782
-1.8960682628261603
-0.01791816014310399
2.956317294098797
-2.257370331321258
3.559960601865893
0.6761121248745703
3.743276621794733
7.401220326246117
8.780767693448905
3.9594109048898543
0.5755011635060758
5.2860623780527805
-3.2548102644559416
-1.6999228705993255
4.478164386353033
3.1979048872483724
2.7690510536998665
5.061083615462821
4.301633027733474
3.893924877026147
4.586100308218196
3.5719635597304276
6.37707351522696
6.64475619713072
-1.1334741565924642
2.397978212184184
1.0248151510516232
4.1344029923475585
0.949523261655902
4.524279459101381
2.7085451462693775
2.2503855223317846
14.536954828200969
1.611830912232806
-0.5758340420867238
2.3355196887124925
2.1269977915897904
2.577609853447405
4.4350069320176
3.2124274572793103
4.578656764658097
2.625461637800494
0.6451256742907472
2.507753952700043
13.267676656102857
0.13758132788056288
-0.8313468187706847
6.505139061157938
2.366040290725791
1.357050391033387
2.8749940117733983
9.290789729273234
-0.38194310477633975
0.8228037740788323
1.5024476577856105
1.7973447792895907
4.1710760537040015
-1.3672241774192415
1.5785709576236964
5.139468005783227
8.126843651241733
0.9083818563998147
2.56267216859413
-1.343175530076335
1.802726172144222
3.477319005036753
0.6755830111745844
0.6039461735864686
4.900432306666008
-3.055683925458431
13.284972057043237
7.413485337969612
4.521782210713974
2.126301311126256
2.013872676759867
0.2771296054421011
1.94977821301274
1.6528190505844425
2.655857217307261
3.471108068264839
2.5419229208472554
3.382935594210326
6.022130115023194
0.9834542555236907
3.128294690885462
5.224092907561154
3.1626174634902418
6.993249158658224
1.9152714135526139
6.114899357772655
2.6420110301865884
1.8264064759337573
0.6326502177953697
0.923194073163395
3.4467694029635467
2.56097682176318
5.095918913453595
3.3853021717438616
-1.1244983290138026
0.7374786622557337
1.4080732704617844
0.8033653992854111
1.3248583699807597
2.145279159751922
-0.882146627294198
0.06570970996618253
-1.1172593587664732
2.867756311838952
0.303287444555735
1.0938617404432183
2.1779100823389532
7.9071496961556225
0.9238314201777156
8.721529813694913
5.0706665909382895
5.64505734535558
-0.961368631683178
2.907672546835366
4.126902318521742
3.266504902679867
-1.329675322639185
-0.3717713572114949
1.4091197837870564
13.878496904298041
2.842541071036674
10.452587679082976
-0.8958904645169132
-1.0135988883606775
0.21428468366954445
7.761980295337495
0.8429255228412058
1.778846319835618
1.587789502391801
2.858159092539112
10.210433152936206
3.826308952594723
1.8179006703299077
1.3295555583705772
-1.2028587164562616
5.613415961309485
4.418034209850439
7.998948920361553
3.0867105323308053
1.3865847502693562
1.151562044600383
-1.681945265286055
3.1763230793860333
5.1267134578825555
1.197490873522386
0.8708438516621371
2.661966612200751
3.467235768253053
-0.9115802106760513
-0.20037865410803457
-0.443898542878161
-0.10682411919202428
2.329358996529648
11.73133229241615
3.5256668721272084
1.3009355134146863
-2.4646852486141744
2.406650496310101
5.116774288104605
1.026439251296938
2.9417165614019583
2.252685935845358
3.006528590527231
1.5987622275981233
3.6133671751603877
0.10429457923226182
1.0137737741398236
3.3460146417879786
2.4502300308276386
2.898246903921871
1.9134194728716822
-1.4492288057623723
-0.7412127486728095
4.426349309656594
0.7233556986178034
0.2992071141120676
0.33222308060215844
-0.569312666911298
-1.0634870001984444
2.7215951528988085
2.5326197778653734
2.6072357801765067
3.614156330969098
0.4465468253808298
2.213987180654917
1.2759369458651197
-1.1159746392965777
2.6750024892285227
0.752434085846474
-0.6678699451021346
15.347371202666947
-1.1135488826099198
2.0821216386178847
3.283799076968439
11.841854550297523
12.09090268472829
3.0698929454104045
1.3214454384063201
-0.8749096293586456
4.995544292267875
0.8961383993099781
15.552496430560254
3.114884885263474
0.6353772195838068
1.8513134067034176
0.09659286016340274
1.5734412618194666
2.369372673863185
2.5484003279612915
-0.7339074078061185
2.9655706385422285
-1.7311688841465416
6.143735003217911
3.5048169085329035
3.731343353263611
1.2175108623716417
4.36292494253922
6.683752486977799
-1.352605682615134
-1.176643045504048
3.7854445887138617
-1.5321709065396114
6.272528272481223
0.2866956081341949
6.870481092514902
11.036214183927973
4.388937769352412
4.285619144865151
3.5073434404831496
3.533974376225105
-0.05097315823325821
1.9611586511932695
1.1959462573936954
6.004023410164201
0.46882164756522693
15.106336096818799
8.6873607867241
12.682930021697038
8.58316692437843
2.3953181677060664
0.49994132185203366
-2.248127539385381
0.2823942808825146
5.295351466697035
5.057180422079934
6.347162930184805
9.362548573873115
4.9169287079317705
22.77688219899878
4.768878182672712
1.9757654394924087
5.273603166458182
1.838134044003119
3.609052675309722
-2.373117742720231
2.7893780407756514
13.8489627945382
10.640343910097057
-1.4148605465423938
1.9859646378924292
3.756469485456467
0.7108610716856665
2.528867946162006
1.3831615055084976
5.128059837248998
4.23652912552428
5.651928407132569
4.7910158823698605
2.9783636175921
3.3380430914871626
4.346860422969043
1.9806746384751406
7.603265861202577
9.636846149078696
3.159281301127655
21.259879382628586
5.728065130375989
3.6766134641674157
-0.42982341190716844
4.319961467958543
2.7356107828672833
9.444376744023527
4.769859695134944
2.3357110534335455
0.15374148806708599
2.0364694717282417
2.2998608214757716
7.775789268366291
8.88686069020941
5.512587661925797
6.141770460537735
0.7618754040755913
-1.3323685990309653
2.3144385571481143
1.4617046108613858
2.3597302833873988
6.814835441730388
4.292197980307396
6.937089050425043
9.234150409593994
5.578452676567043
12.522435789984987
3.7485300365123395
8.628615866115048
2.4547844855872345
4.982746499938872
5.030242680472607
6.473680663370624
-0.615649601290384
2.108422539682346
1.733652169799679
3.6202749133010492
7.733568130799212
7.523521162128472
-0.22629845086895828
2.85081724589292
1.6244663241222421
3.2359795334924506
6.332427550447385
2.653771103624851
-0.15601439856667398
2.2791590328743387
3.1393714188527695
17.358132976527376
-1.6687142405566258
2.0242705679625006
3.42258876124328
4.257247004795099
4.724018434738248
6.647519536015738
2.439929588508009
14.011847981734856
7.990620451216276
2.053272376201577
3.883315084633113
1.2018684653707448
-1.3926854669089557
0.6458785054719349
4.820839565973334
0.3007161030587593
-1.3265324804514138
0.1817537152967994
9.424701484641503
8.266532452175477
0.9161928895164893
3.786729832920286
2.2486272363941198
-1.1027475714578134
2.0646882762475425
3.245250835122895
2.603126213674712
-0.5628209731695397
2.4834079007315544
2.382175847661546
1.8111634696717531
0.6469477411925308
-0.6433143143811939
0.06432735988617644
2.027153016441403
2.1411447670147075
-0.9581384281088856
2.953437362618259
-0.08360275667146344
-0.8112370900362511
0.7507086349166769
2.7045673952801232
4.433523572116885
5.256788915602486
3.2622943424407747
0.934758185152343
-0.30392592266930474
1.8617172185052624
2.0490356767886304
9.703966171099237
0.18501261765458388
1.261159880666021
4.799430170519187
-3.0173913361988447
1.6994258056018634
0.9929960723669873
-0.5021859642523017
-2.669306996242717
5.772025473017219
6.43686158653893
4.43317343567662
2.04055332689768
6.237991037872739
2.8333105496659847
0.9101042361511456
1.3522458513478348
1.4053440786456972
2.397359920753911
0.5399980696490574
1.4738914725157384
-0.04427200253320707
-0.05834688799241783
-1.337851740245547
3.5040104958069422
0.834438146088007
-0.5855198482061388
1.7277630996750033
0.541237250082869
-0.9985098629784137
1.0011852621504849
3.3637894205031413
-2.8781184768305668
2.3673837084847884
0.7907348143361321
1.4702952095936395
5.063706329037919
1.690903995262321
2.2254166409910727
0.7714778684761765
3.538551644651869
-1.3969385928282716
-1.1879286288432902
5.652046158359528
2.1553442104300373
1.504649991004184
5.030913121625697
0.08976719356920282
0.45672946401156755
15.307406665225566
18.950407917306112
2.8892311672536
4.137069019866608
2.430639395617951
1.103897483880677
2.3810937189480064
-1.5106751056978582
-2.180567018725184
1.755756015412355
5.848233862397131
2.319776742703429
2.5486203587965752
0.57065051864636
3.219038871026691
-0.702867442290567
0.17258757927837154
-0.7866160554576713
2.1412542703736968
4.533967855100053
4.957873687226481
17.582295185261916
18.932513286001566
5.810046062944738
4.317516831691591
1.816899324462505
2.3796991164030747
0.01390037620146689
-0.008773369595723723
2.836983698323599
1.5417716859863402
1.6566321889516202
1.6636539435481714
-0.6774148152224577
2.8873433915975157
1.635319902238427
1.7175695234131418
-0.6371225764559345
-0.23260143642803377
3.80593902646548
3.617506582925843
0.06727409574531307
-0.938218487667893
2.748285095576465
-2.3108706903233394
2.0859369675776076
10.820812322814382
7.980448881104372
0.7721098801151085
3.4177484919053738
1.5584263572462853
3.4956189628789067
3.915774010961491
0.3402153078146546
-0.7283055613250584
1.4256758701885108
2.1384327308484723
0.20281226149426734
1.2674742082798625
7.2533843862871015
6.543139903437295
2.3621855851161744
3.325534502085218
4.0032129891918595
1.6103765178140135
2.6063900897771504
2.8618986909553916
1.12812387532047
1.351308885999723
7.266799411353284
17.838592925458034
-0.3889152106612588
2.1097184638364292
4.931372949957229
5.26394938453128
-1.6749427362184848
-0.5000228254027237
1.9640753315443884
-0.21817966486680773
0.7781776821226387
-0.6306742138798536
1.5905149710633042
1.991731312850735
-0.21431554815923604
1.1738563616999615
2.4724615125165004
-1.943178026265069
0.1500054344760171
2.1316976287666254
-0.010451222508344848
1.1197325955125992
3.4209968471985435
32.00414027999722
-2.3908574940169567
5.515915449067224
6.806427595869341
4.414098818071014
2.890601878486992
-0.3972719072145958
0.07414267069008673
2.2617160284049596
2.852754427529038
-2.58478321829511
0.929239492880295
0.21413778894846525
4.2532540865535875
1.107096361927532
-0.5393996350970827
2.1046907221848077
2.6406867817211452
4.357679715909516
21.197852242522973
4.5331743564693205
3.96335350263535
2.7592241927791727
0.7735785611331223
-0.03932980326899127
-1.5572355348909643
-0.962385695228845
0.5200293733384584
0.6047214893836417
-0.07312521710178888
0.5134456700125039
4.720097780290619
1.1391962633723474
-1.1896981986224828
-0.508463615669071
0.24040514162688043
-1.3149856859242648
-0.46329529881622555
-0.544163838506661
1.4580914017815723
-0.2243241983487323
-1.4687325803771953
1.6876753960030917
1.4206933338976093
0.4711447755613307
1.1045610295369552
1.8945853913424313
2.4580756720194428
2.3398008994503288
2.192873812654561
1.3556555641083112
1.1050794443610104
-0.3394770265004823
5.042421660199059
3.2648181219633785
1.6522238261536648
-0.010815953741284412
-2.150298121960894
-1.9759568663998919
5.30189302873275
1.3854627549641005
3.1755394362759213
4.633301568015969
5.832598505436848
-0.5779065860709474
1.4569829568259793
3.4725554640097682
2.143046534276085
1.124957696588055
0.47710652776966245
0.672091701727221
1.0272091556265557
3.0401893752911713
3.4647847712824844
4.179466006745079
-0.437780105854495
4.79218770557832
2.685419091686464
3.486695230989695
0.3835296615713537
3.7832954078490113
0.1758501902636116
-0.576612551125061
0.6819977853122383
2.830354176459485
-0.35050636475157515
5.657891803886201
1.190799296840443
2.932340329389876
3.3637608921250903
1.1120542742894404
1.7159303689741001
4.229282698956856
-0.6991945901391337
4.749898293838454
1.7047881587462634
3.1626614356631375
0.2177535440628413
0.6083418295359244
4.561091219777776
2.704861585320151
-0.34671535751841787
0.05930160329468337
1.569864948697902
2.9905464920530322
0.3203573489131635
8.232754652250112
4.983494460562773
6.344579334554227
4.204100385487374
0.2171682919341682
2.103438142099775
1.0968230470559897
2.6389926435344986
1.4580531350017114
3.1441401374382085
0.3507042946118346
2.0903927916495952
3.3299481292891944
1.3095072846714888
3.0627128396730345
-1.2731780581633105
0.07565490075357517
-1.1642891947080678
1.433251403981788
0.46075428352665226
1.4458018496247302
3.2416454621603172
2.9280082985485683
0.95239342331828
1.8854207269245518
2.9754453240556247
-0.9621249235505347
0.3365188501334102
-0.7643525603719687
0.9762803770844086
-2.1315592744477847
1.6304054068386762
6.153046343026917
0.1624140301077095
2.0681306319844897
0.5552219905596953
-0.13835605408662532
-0.7126468339863319
1.531572072726843
5.397588906823269
2.061445611636329
0.6843714790978954
2.01843387660411
3.676389812615585
1.54421062872879
1.4743736704853239
3.9351284439879533
2.5182357631608396
3.0552768456070822
1.1656700840363385
2.169047052481889
1.2713206374264188
2.8462189041294614
3.0582582215076806
-0.9542822270285518
2.2248215026031684
-1.0116749300361172
1.3151155449730563
2.643466644656185
7.538120067119757
1.1032115728939182
-7.040233517660072
-5.210790351250128
0.5450498524946086
4.210706086335173
1.4875878252268038
4.338642016920096
5.323822892320807
2.3298631369373655
1.2129826235995445
-0.09629437863754586
2.886928036597247
-0.7295733459448406
4.734556051053558
4.164963821674373
1.2555822470449352
1.4526465120191894
-1.0752060464661592
0.8492706195578825
1.9470253693263482
4.332371644295674
5.066263652978891
-0.31233403882769983
3.563835158661809
2.4721427908560214
2.760907215053452
-0.2955187469644278
-0.14278925671019072
4.896399788905732
-1.3083970112309766
-0.026512056377314686
10.195285640358701
4.185933584231941
3.1573069001607066
3.820740462931164
3.8740705571584106
5.137541794215222
4.03148149712667
2.8224379503712145
3.4168991117727883
5.931727158762368
2.3854781515378125
4.562669503464674
2.0023127619534202
-0.19489401119520378
4.608440432978097
3.9685427413226115
-0.3195594010105913
-0.47893494614302057
10.846774066775916
3.038546688101114
10.933691344266595
0.3271135601551376
5.080589981345817
3.0539715202928397
4.316214673715508
1.4400839550670468
-2.053995325268623
3.635095843714959
5.441657428263511
1.9641445731655487
-0.3889631597252481
-0.025474106521479856
0.6220631656627771
4.032258707636271
2.6037742241020387
1.0101199332356492
1.785081788972936
0.7795127914080231
0.6566999469790693
2.2761772249367427
3.4187471054266405
3.6105992997455685
-1.2609967344554218
9.347348785545828
4.78196781780064
1.568932049794124
2.2479455915103674
3.6845627711526743
0.04440724085569925
3.96834992732221
3.784937201464354
8.479309604531919
1.1702522046207908
-2.685120652999618
7.793123069313975
3.246590611810132
0.9988960149173949
1.3026222038902362
4.240071242050197
3.0691436019340914
3.1457669532506287
1.9750630322229334
7.41594755292687
1.1764247497341553
2.8478226151725092
0.6455931798553831
0.6116828583401555
2.015299181111871
-0.2834259765766469
1.0704241812174093
2.776072636424142
2.735587657608308
5.16118512851904
0.2810195471190393
0.7209051850033388
0.7264855526208176
1.0667089062099304
1.0174711836081767
2.333275856975672
4.401320390153943
2.565257863262077
4.020721852550945
-0.4336389440101849
3.9326434956180005
2.584063337227425
0.215320966170361
2.5570002099678133
2.6292158045423277
-1.7384095401607833
3.8265295111255506
2.1101196470532213
2.077899892524435
-0.674616340752838
6.1600147514539385
3.5517453008861004
0.6371583879607743
6.2075588249821685
2.016084086638278
1.1546241261791663
1.6126640792674984
2.7014955942564938
4.87126910482318
1.55408885130637
5.485281379984329
6.666611553999841
3.6679686884625395
-2.050991779611676
5.648199871104371
1.9981567526710855
6.346976749109182
2.3447508320012327
6.33194412455713
1.9080217304777107
5.294392060001122
0.4230622161938369
8.225164505014904
5.6638592261822645
0.9988251091024416
4.675180915506241
1.2859151165017482
-1.3314595559321318
-0.889565736865819
2.298410597612216
1.167279480510875
2.1896781226287416
2.035091065900671
-0.04001202916381619
0.6402544749050556
2.3221566759910237
0.4398371374825669
0.0650569358451063
1.849660381309312
0.07723481809281951
3.815399591622964
1.3832953633235365
2.009873260733886
3.863044749032956
7.201815351933431
7.37944020152945
5.072849083567882
2.1184990874150422
1.670223533523496
5.530568717008985
-2.5501528585000504
-2.970350253853443
5.999051044221855
3.4914726055051073
6.12757804513039
3.5850435843224853
4.689071007358748
5.988046312487469
8.245975860852063
1.5986696733059147
-2.1707953081352223
2.9547309300118103
1.937946929502598
1.0048498043208267
-4.062593387710062
6.867688720931651
4.30322186877397
5.472745960777352
0.8930244494036017
0.2086525374175714
4.234537563481486
-1.2590314245803478
6.336737082280224
9.642990830998858
7.393333566681026
2.228464796406344
1.5894232577730423
15.647451649002008
0.19310313209260954
-1.037363922405216
2.6666568060162015
-0.5215888932928541
4.213589544874605
-0.3106683078443637
1.8058863491292492
1.1951725580289831
2.115992880431835
0.24876810495154333
0.4500653412781239
4.545288697742302
0.8653843021830225
-2.6399559761094937
-0.543233020719273
4.453037559975809
1.6154160412716343
9.47256884942673
4.242310666617595
3.2852832944155645
0.9725413715435156
1.5516656753212033
0.5865503789319857
-1.1894969986285102
7.0316513596582695
3.729082151061233
6.381774418553178
2.307428019867695
5.009550710725829
3.34065717462607
26.939086165051993
6.776138293848992
5.419775142907839
1.822461997438778
5.0123189616390205
0.36651027357871757
5.227833894531201
-0.6234428401476781
1.741852092514451
1.8343894579375126
7.925178274445432
1.9624726212454824
5.187284181982152
4.279106607833434
0.19588515487480662
14.495360519261403
15.761555115557128
6.0972072613721515
5.817809678750014
4.195392252757756
2.913885676944135
7.848809950836435
2.931405377063469
8.1298204595072
2.2889502759988245
2.3970912444319388
-0.12610671414743213
1.642151031439025
17.49141617204144
9.470550584383721
4.5630827203869675
5.415480831750285
5.52353322126977
4.532320092246467
5.870203276689784
2.6288804294398145
6.645972772725026
4.784285609437108
5.091913439026786
5.923539228437217
5.868624975540753
5.029465766849015
3.1239901638735517
2.1631310534027994
3.467731331037706
5.471796002295777
5.7239113796600884
8.001553438499718
3.2690042970273865
2.714166726127429
5.5745529241339975
-0.3962833093020892
1.5850524115010902
0.7171483495591999
6.916690570283261
6.511153982098562
3.794564755278528
2.520324040261999
6.877497223287262
1.4719140335505485
2.779325760822404
4.2057151610564105
6.712608378444798
4.643382768696647
3.588026929698505
4.014742395392956
4.039584970472353
3.055836946893743
3.995375325511544
4.312330187565701
3.0675182458489663
2.1988833161650074
0.549525209480334
4.069042001629301
2.2152426211416625
-3.1126986782846724
0.9400812169086401
1.3321062883549986
-0.1470792656470561
5.024119352111966
0.8395926086168182
1.9585185568781132
10.416175878694151
-1.5923999012422787
1.5040242711204546
1.262407722618364
2.689497598069244
-0.5991854114841715
0.12249584869097041
-0.0849646249604119
-0.4665737989047869
-1.0369076405167186
24.558271808403422
14.362601942260149
-1.1507928661146134
1.5470504534232006
4.7644807093102886
2.153068209222301
7.190603646177067
2.021067574931817
2.1810873243454774
3.139309484735187
0.5444306416780846
2.4390494450138984
2.3711039276979617
-0.06099695229828006
4.686262877756801
1.4663219920456942
0.6451230559397059
19.50460136392721
14.001221528150994
-1.4861295018866698
4.495734390457811
1.6774107274733587
2.097472477022367
0.7504115274480019
-3.5426307290325267
3.058658507013523
1.4293716916047248
5.654366989521717
10.808280728591606
3.3201060552822677
4.732536228646742
4.246401072583103
6.421912030743844
1.397175030231252
3.337720552150535
7.099265354498248
4.434980090957691
9.813794602075506
26.09131600205939
5.955464230619326
-0.6640128791676925
0.962196354070247
2.371017892390384
2.7285477153507216
2.622168269448381
-0.9584988150359957
-1.02562585552529
4.755095392768608
-0.514185189427548
2.434583031751181
2.890924136613269
0.6884314015065247
1.1704692181399092
12.861220351488294
0.7747064987191192
0.9828868943755584
0.24814958424770106
-1.7083398630978304
3.179950363419053
0.460528282309534
3.00070180754839
1.1849418108042717
3.2332110111699093
4.391954564264715
3.1957981761327847
-2.049152173050687
1.9526442750387063
0.06510560741598703
2.9535380922779035
-0.49178278057297664
-0.8038355265879844
3.2031579435361706
-0.23441866073468365
3.8456331754053203
2.0959065302310673
2.8120056110974208
-0.6174046238163791
3.6669351925587517
3.4770491836698194
2.5676129533102587
2.9990527751056852
2.088893014728894
2.3462982118403652
0.587166254557409
1.1233621916380165
1.5745858996389688
2.306954964591834
-8.180305066620718
-5.292129256058876
-7.590636836178588
-8.281743071822092
-5.314898562917675
-5.724376448872447
-10.638741261343416
-6.583667405621205
4.366944848072051
0.697145529492357
3.6128761074217715
1.7189931884543552
3.2579326773022332
-9.776040489580897
-8.967354054909336
-5.4734589351542215
-5.866230661115967
-5.635854136076797
-5.102087606012654
1.201731703394632
0.42965646701119287
1.811751512530274
2.2353944260043144
-6.783670408283885
-11.104588775095454
-6.637417682138979
-6.959937562573032
-9.984053058704834
-4.896786738746706
-1.0612311702750663
-7.315486251835858
-6.270266102755719
-9.837498467272916
-8.750970971588027
-9.414552494718686
-5.702533296753278
-0.17629503980513195
0.2809925987194857
-6.991404304370103
-9.045338012022151
-9.431917994181624
-5.549059605587037
-4.571554371281843
-7.001772423270708
-0.09913110164570127
0.04938328160293426
-0.4242762356970311
-6.346637557195522
-11.24655875635665
-4.794087156627173
-6.304935174732023
-9.908905876254842
-6.419990004452593
-8.650441545466737
-6.924587788969384
-6.1865775956971625
-7.1480265869637485
3.5863415764089375
5.118608490036718
3.1616173601334143
-1.579622056381109
2.3456075696789798
0.42034733619696807
-0.4748830538484736
1.39767301460018
6.916397399276557
4.722886403919528
-0.07755834494442548
1.974856230509993
-0.520017092548563
2.3440916128577305
0.020829544656096877
3.6742070230343398
-1.063667932035865
1.1639434441946728
7.6093612383443485
2.4457663119781854
7.735899312504325
0.683848353182553
0.23231007032934214
1.1653059745490375
3.42849276187072
0.9142784636020278
-1.1794729926769858
1.0666534480827483
1.481882524567807
-0.6852931810632721
2.9896197565973512
1.9004775549314972
5.582651236226367
3.6595795090300784
-0.29767565524412065
1.7685762075255915
3.899976038179952
4.901195085571777
5.483663230837384
-2.399422724003445
0.5825277585200179
2.6068579065385586
0.7933376304323425
2.5307148301771294
0.45199060871984575
0.14661233276248908
1.4815404107065442
4.006759604732706
3.274664816615756
7.501613219383623
5.926812869430775
-0.7610002682432204
2.626186396127199
1.876557133602241
7.075507639796401
1.921653374950789
15.198862352117501
1.0347151548305098
2.6736011181495085
0.18069306894526016
3.0844517334706367
4.810904065122764
-1.4719078808861061
7.0688021172478
0.908777630725339
6.6450918688324405
8.476731836418724
3.826180814770989
0.9391785561998793
1.551114781765165
2.880871245652932
15.480740355496357
15.361853795528313
3.3724657511790026
4.282993197349924
8.071564461088851
11.8164266038449
3.683207397735765
3.4156072212015465
0.21282259703501172
0.18066898216689142
2.7659745110425242
13.386978232278443
5.669163909719296
6.401881922421836
4.041178430654957
12.265151730441062
1.2394081100171541
5.321037472425397
1.08400522264443
1.473691374995451
1.7949784881332391
0.9653371169432792
0.17749304023182821
-0.0450075899040554
-0.9149748269492075
0.7144081625373657
-3.0885414421631814
1.1718444358762683
3.068768997846493
2.2115995990190833
0.35660067862471867
2.426121968624159
6.70145410439432
2.841649788714522
-2.3939876258992343
4.426327207759652
3.463446337541175
4.999702316091399
3.1113392376368925
1.5503487637657016
0.2491114760201103
0.1553371919436204
-0.7074793441736458
2.160073665281176
0.10403325701271937
0.04069466884600681
2.471952026426786
3.788553658618688
1.9426515828341488
-0.0853807398206392
1.9837326028466278
0.25349746748385016
3.6040195666573425
-1.5441609187968017
1.7715092750308827
2.4982571119643375
1.6945410416224238
4.643998031595723
3.425021398808843
1.350469448117313
3.4035582929040955
0.9773958565462177
-0.5092492216900171
-1.1607262546317032
3.484540452499863
3.771027162851791
-1.2274588147254586
3.9502003356611026
-1.086503860461502
1.2682224621320395
0.6979735690954618
1.6814753471757113
-0.32106323183116214
-0.0901493771980566
1.9775422675183676
-1.4395702315806562
-1.2866531328837012
2.7592951039590305
2.8399236615663925
-2.224537399312009
4.806238256294729
1.7405945412415247
1.2733808161646438
5.199097051126389
7.648334883509281
2.554227666622608
1.6062763899974617
5.526807101796434
5.01197705675323
2.9214401880253726
2.935991034806258
5.634960623784245
0.9741841524865797
3.9520281824717873
2.3147605738424595
1.2092825404499452
-0.7105508123075044
4.113271966549977
2.448323745835417
1.8087783460857587
0.35553183324978543
-0.5565589737890779
1.323687324490168
2.306013088423607
-0.46642128982513564
1.422114298338807
1.5017938955564072
4.727363546198018
-0.9520355522182324
1.5712525085299271
3.0709731673771823
2.749951346282174
3.805034778088836
4.438314840587431
0.3643776778164396
1.2244341220523955
0.13117433103793696
1.3789777987274618
4.8348680019438115
2.9073018933975994
1.7692186390019318
7.438083879484591
5.695326144987565
1.4445742099048524
2.7804870190837647
0.9687637366502531
-1.9625579678434353
2.9052581086402816
3.452333120254229
5.033193125732885
4.052641292473417
1.43455690246376
5.321309457700371
2.4993844026955685
1.564474691710888
5.273792890991348
3.077267711620383
-1.7340266972147886
1.9482616170327711
-0.06600595384745689
1.364132576974411
0.7951790870978634
4.458559116003136
1.0821232240623235
-0.11184390477790584
3.3603239795797
2.431819574408966
5.499242243714316
1.3905741001695906
1.1297765878189994
1.5243557660567837
2.365449175617325
0.8606963753637893
2.706796283172479
1.086970132900616
0.06172273750103652
-0.6835110861516691
3.4388071398241427
3.7350253725853766
5.145224740424922
5.916286708834368
-1.1403454549319505
1.8275612822823002
1.4945957263193788
2.1918270376453877
0.14890321722250532
2.6559420051515907
1.5718097267752211
6.837229314955261
5.8652614250652375
10.810857072309268
1.0741926282682133
1.4461295246814825
4.091733647625477
3.248201846696333
0.5111233086073255
11.430754544005698
4.632564662996058
1.9166781563965904
3.201747666239183
2.104858592154873
7.417305613723965
3.003922365729733
9.061374958326299
0.9512262213356943
3.1131345292106625
4.628419515382767
0.7556746195476205
7.338518186565322
0.47328552686592196
1.6219025676809777
1.4340338897286662
7.240430487238834
8.593597431627412
-1.1664618043985377
6.699318057244757
4.267126336693412
-2.068878996572418
1.6162845582076646
-0.8532676176463834
0.20000184793560627
0.5230762546686152
1.7967417272426172
4.641608653299279
2.7747326576925744
-1.7021184506538656
3.407255675258353
6.33211174189255
7.68376189368692
4.470602223730564
-0.8552456486277216
-1.9178970074944373
-3.0635370883619597
1.8057764301603745
0.2469408025105828
0.46365780921748034
7.626850014255319
-0.6022119486531894
1.6286221733986355
-0.6857861816928765
1.4602994320693683
-0.5240217916470578
1.0299949109905113
3.3831885288023553
1.2305251522472684
2.3372341481259706
4.902068267807467
3.4123881308902906
1.4450223713445964
-0.05644025350365789
13.493551809798156
1.3363270202133832
4.705580350359783
1.5720552934634455
6.058907699955441
1.4491299319372561
4.329830409377484
7.399172415741768
3.5596945876664408
0.9777049800763757
1.2646798115185154
2.6249278332616237
0.06736077724720158
0.8740864204032133
1.0163790349911956
1.271734855629341
1.4881925118124653
6.827015451223783
-0.7324209063685831
6.2723079297666615
1.0642731940330754
0.7465393181019904
0.8779188950165238
0.8043420911591976
0.1987213698291952
-0.5066800904123372
-0.8806045461677361
0.2494316712261413
2.147982335466064
-0.11387646320590616
-0.9935699657715413
4.229759866616284
0.9097496307790582
-0.74641795975924
1.3840281878744534
7.002576197161053
2.775821070106953
2.552557502028649
2.274302845770232
0.8650155919589326
0.5482570102462525
3.7048437620843666
2.5520512182920667
4.657450970985445
5.977269014129092
3.8188464775591666
5.1814566534489295
3.3337129322647745
4.6767184808753814
2.3852484844983866
-1.9255091531387378
4.64047008629135
1.8074483361126357
-0.5317994633909806
2.6857212880707215
4.116704877908555
3.9212844899599837
2.577522205734142
2.870970224258035
1.2544846842690853
1.850705342457699
4.715477560563924
-0.311566647874737
1.4373672394440247
-0.2171512925140664
4.50091425587012
0.9767279585787243
3.2044487533582555
1.2482049369352588
10.224644245945523
4.623191455987422
1.5903834473743852
3.4472257816968996
3.896648286057956
2.528600518830919
-0.2136665570872256
0.3975628341443511
2.9391095427141884
1.7950691228029465
0.5974321321428624
3.054775578052298
0.7628250672500274
5.393219845538002
2.156349043928447
1.5843776044187257
1.3257307970588679
-1.160370622571681
0.593377681311356
3.590059459766068
0.1243526411277871
1.4138029136861103
1.4775937274784245
1.7708852583625578
0.6455296298122148
2.7754575399034516
4.579498109601994
2.312409089718054
1.1569537079412573
2.0265373165016385
0.4292150258136418
1.7729990372778661
3.2435330796927593
0.8170903915727539
0.916691642351581
1.9247395309027233
0.8482307335554995
-0.1290587367529794
5.45157694255576
2.605632689152081
2.654549104032768
-0.3487945128079999
4.72943784959096
7.371548371948055
1.1396000250540992
1.912487171226791
0.19450815358763296
1.9732398534733437
0.03521501852789766
2.410903158905998
1.2116126801625078
1.781123036951081
6.5805387587306425
4.60199865312744
0.4549149513297881
2.681076162824283
0.6300802679269542
0.624768118414653
0.714252344056802
1.3925228157355027
23.26003233474098
3.326903518826907
4.264373963128249
-0.41780061535365354
5.3922716179086745
2.683344058809649
8.56695383704627
0.8638688885958408
5.343051337780031
1.0468522806620448
-2.321781845046236
5.777915277261426
4.018202323444692
3.9207567590503145
2.997752821186727
-1.0955063919214456
15.24466546911783
-0.4088858277703542
6.027743063154576
0.07390709651289074
-0.812147413202694
-0.013714521100085086
2.4249133065485404
8.092270455377001
-0.11178454213662947
6.348988247328155
0.46216183893352336
2.288195660162331
3.4415874426908255
0.3864573926937289
3.9888452780365222
3.4235535595697493
-1.0099716315454068
0.3532464796640229
1.5649670828583935
0.8464317081213559
5.5447952669816365
3.05517477328093
2.8893558436710167
1.2044434359140337
-1.6920036941379133
-0.3316994202055259
1.4643376488522122
2.358234090657644
-0.33478687699427545
1.5975138314939163
2.024619503477428
0.746978110964404
1.4326430355289927
1.505516453373034
-0.5659670485215498
-0.47181773297669016
1.9771397607447434
-0.7301357880321231
2.9814762555024537
2.404942067382742
2.1167101926335476
1.1981555373845068
3.3350272378113033
0.6356659199487256
0.3094426350147188
3.052374227135261
2.4882798068960934
1.3889193291656674
1.4646538146978643
-0.01822540117247895
0.3596908438368043
0.9525384782011614
1.4365305509188988
3.066232119609971
2.5949376970713103
-0.22206267595628937
6.71066883205215
-0.09826891546403349
1.8078166679409802
-0.21146237841639914
-0.406347239926381
-0.8480601920473145
0.0007102111934098598
3.7796823896021814
-0.6022629041083618
2.1826823205558608
4.435333552460349
1.8074414636269078
-0.49964133123234244
0.8487041651545437
0.7138193906953914
2.608140112697745
23.93935892056712
4.025715296459687
1.9344174670686578
-0.4926725395786187
6.252130807162418
0.5073370924453731
-0.370107757472101
16.410046544728033
34.41394834867209
2.7147430761300626
1.0938203412121223
1.304919781327115
-1.0647182980809275
0.10042012366430142
-0.62458515390065
1.4859359490128403
0.6644919608782085
5.620348574704595
-0.9165176723170316
-1.1940348126944351
0.3187282708597945
6.034847493489732
7.095631197090128
6.101205088144105
1.7392831366118977
4.87061009320634
-1.3588397544593012
1.0615440765707969
0.9877490837952518
7.1278296911535595
-0.43862593896157587
4.214031847222879
2.9478572723059875
2.7668422426144996
8.644091121184823
6.378840592875256
1.9112569733854345
1.202403753559631
14.035844517335072
-2.290541770582763
5.9744126684165595
7.9886283817152695
0.03392979104982752
-0.02323645598811619
1.8745022165360568
1.8685530788925346
-0.845067267828632
5.601996081435038
5.95855632019175
3.865346883356886
0.5991285904410433
1.5951783314590977
5.521279199585561
5.602855061844951
-0.8214925059344742
3.4493879599167023
1.6208697299872517
0.5491460323872803
3.3014394289018134
1.0046058653533585
-0.9997627760683008
4.183988711630508
-0.057367885819743725
1.7562109381310544
10.214993768485593
0.9017291573233253
-0.8723365371532943
4.521778455541993
-2.8860272535373106
-1.1908872597325568
2.099741794830571
6.122050325503274
-0.12572454646635678
2.207254165542926
1.2633011754186512
7.02647195309718
2.5366564533396927
-0.02030042261448206
-0.3004618957886733
1.9388516654811299
3.718285927809508
1.73361559100777
3.5780316495261886
5.5550665239770645
6.382206869228067
3.537481001980508
5.76266869438412
7.928485058633847
9.543157901634526
7.012479506576703
4.979968866211397
0.24335947791304924
-1.291725266435812
3.8476877364983944
3.7596171432869223
2.964376680767377
5.845329776503686
0.49346828679979193
5.702518832574081
14.048237572032317
7.513866443611119
0.2239830100083593
1.8749675746360221
0.9441753780556101
2.212715853621594
0.23743285533461567
1.3107815011607333
-1.7496508398685309
4.4820379645274615
2.2669259443741225
3.8927064124522675
1.0867634071826555
2.1384627091420843
4.734530528416822
3.151950680426644
5.077371612458484
3.258162173602818
3.655666599034903
3.9503912641014383
1.6796172414881327
3.204115122787478
4.590260917684031
-1.2509697916972973
2.7501511716127194
0.09105175907135021
0.9148686863748174
2.4674050355490245
2.4135281776457944
4.308370315478562
1.037410824490858
2.9491421832168037
12.172748566632295
8.505719785063327
8.584127698855058
6.608525389609648
2.874847219715363
0.030277244305519257
2.5463776592746306
-0.27445755905628433
0.8319982514956998
1.5875892025604972
-0.41725500971125173
-0.2952547401219898
2.785917768116013
5.306293750629308
2.7079229589281923
3.9655172983815916
-0.6112457975486092
-0.8665194064516757
-0.41874187842070865
1.5086330624116469
1.6843764587512127
3.1474478875662637
9.638426945504788
0.5682538392865626
3.093146938706143
1.826533652539608
0.014088157537280654
7.825847642985493
4.929291371145623
-0.8944987602679204
-0.8269718829730568
-0.11930768264751146
3.747471761455661
0.22919839832094313
1.1890112786441938
1.6076303075768337
6.528777091822821
4.899284701153196
3.8310915528860634
0.8517198970361366
7.969454361452059
5.143709107131837
8.476251251833036
7.676799174299216
2.434134235550064
12.451459400642007
7.586442863907809
1.2439033465521114
1.3338316860858948
12.220407861666528
-0.40957662457237776
-2.0439956180500536
3.0617836765937856
6.553645758864856
11.997093602684483
-0.020603779542541556
0.0818780894888973
0.04467233837097284
1.6286725396174202
5.005375304607344
6.131291064798631
-1.074509416823638
1.8777687757229231
4.555719904854957
3.7754937995958606
6.282787972151093
2.1736439850341167
0.31183755135204416
2.5697881112783536
-0.09718086398002823
5.233591574167244
-0.6437208332098907
1.470663331693989
5.432878554857607
1.7151200321481064
2.637990475574556
1.2542901437885323
1.0637973195174886
2.2899711955567987
3.4333822617142453
2.6079294028930957
0.29016148533783337
3.9258399221778806
4.206067079221691
1.487044998244542
2.221330766869399
-0.550363595752072
4.115477731561316
-0.6079390204541084
0.8030418555727141
2.5302388852783446
1.8484162166824465
1.5690551764853329
2.9163948721693735
1.1069052602743046
4.244723236403672
4.284366292128307
-0.3645322199179106
0.44192157884863037
-2.1006310591434776
-1.0934050850234018
2.1076530138445166
-0.5338751717685801
11.38349695620464
3.9981514415515953
2.6135896055846723
5.085369628919932
9.121075308407463
3.307786273637314
0.7800896210915376
0.039688231609932956
1.9822346893768688
7.388225943690433
4.405759115498453
3.6674042951293755
3.3107286255072843
-0.20511620509862083
0.8369054043296282
0.3457010194258505
1.7925065614798747
2.9010799002147847
1.5659241309787062
2.691473602696413
8.258903860022118
-0.13495110579775305
1.1665217734768853
0.4589145008450135
5.242302530062586
3.134393708199645
3.51045862398927
0.24165180951000176
5.488493734807976
-1.311498172646641
13.804503648233936
5.112377588444182
6.395482223971359
1.7616532256638948
1.5661843207785089
5.587745180757124
-0.08116809500562705
1.115365239611536
2.4297540289535373
1.2937660529569261
1.495280145966833
1.511254474657106
4.974662246592311
0.6339409881848992
9.814426324869542
5.0692246124204905
2.9595879248227797
0.11714105856715484
0.1915763749861199
5.451422702137441
3.325088353539556
7.567559340887629
1.4838464099183644
3.6886251548510787
-0.7357466621559954
4.134395476241108
-2.0396901882072336
1.6757301284252522
0.05459674064028852
0.27854517059564676
-0.1763243572134523
-0.15037018745241681
1.2867602416748818
2.860666563541418
3.2182476297034914
1.3831497359439735
0.8595099802571033
1.8611833484046516
5.43207186535634
5.200959777116965
3.9203965810522288
4.368903891906294
2.7081256517181562
1.0730696534458553
-0.35724728130466343
-2.358886151158896
1.6389692055222889
1.2465844487491486
0.5594434417767025
1.6510139758441735
3.6025817735072643
2.2227286368671137
-0.9152046268348182
3.506101238929605
-0.361938373768248
1.7854149793756244
0.9682971782223784
3.576296014007325
0.051484560365026466
-1.2595716894394242
3.9868384899550673
3.5879038621083006
2.690488675518437
12.364438496948107
6.966442139746337
3.977825590858613
2.232792430442676
-0.8433953199589286
0.9509723097703293
3.542541716098813
2.3067056210569823
3.8181804103253127
-0.43615835292075733
0.7805100459870107
2.299051873985232
1.747604223923145
2.0415539265933553
3.0067302523289
2.1455539425440864
1.0117238556811525
0.6798089037359143
1.9560518724999092
1.954561361520131
2.0381968862340267
5.209687340716573
1.3902421572838357
2.226325317038409
-2.510332827261679
1.1080279412067964
1.9916076280214363
3.2661303517693625
15.141460008430737
10.417324426727944
6.103875580397162
7.750516602274105
7.317298401862844
11.08852537960809
2.211248295738304
10.018233267716226
8.809178375027509
5.835689945596975
10.546727345079296
-0.3637145122963159
2.6657872416998334
4.342144588806686
0.3748771748413744
6.891053098464405
11.613825927447317
3.8342529797128577
11.79009624469602
13.640192493798946
7.959031211574034
0.7268837402379482
-0.2390703167300503
4.417276575095384
-1.043376736012921
9.59823772000348
6.078705060827337
11.699989008503701
6.975951889780764
1.716806366288579
3.865445508278315
1.5875118739095733
0.10626156932564945
0.597535982229237
3.9150730230806756
0.7602686227968769
5.546236089924257
1.0033093609662094
0.4080070460469847
0.4148593158590219
1.1318991757560335
3.3943984895929136
1.1250172518857955
4.234331612805943
0.8969518857067733
-1.2600987319196295
1.898238949547774
-0.13828018517399832
4.084889022703704
3.2288735501455337
0.6887818661729197
-1.0992752380961819
6.918736476594603
1.9880218147777502
1.7954243756589952
3.001352817498863
0.936848802843677
-2.9354344530392136
1.199196606128464
3.3376258021447756
-0.24566813809633303
1.8262351132867911
4.505617611898526
-0.057251619430255696
4.22720929868833
0.8401633949421186
1.578942121357316
1.5888850416780285
-0.8064540351313765
0.3591536057612299
0.8210370167691423
0.2318354501544344
-0.7572721258451185
1.2803764197393903
3.2080969827437
-1.0013127477636197
1.123725999578923
1.3137444947898451
0.7254365204563846
7.755759417393324
5.013738781660807
-1.6600907844449124
2.680582913262985
1.0593248374086504
3.821905370035606
8.035778239127664
0.08430742215860176
0.6549633972860214
0.8539181102972839
2.1740811014052266
5.889744862055185
1.3642122155274714
2.1154747150691233
2.568063061267246
4.962763439303631
7.391345315378998
1.8881223672625032
4.1200746288122225
3.8804284257186468
2.430190652088169
2.1801585956479244
1.2042203030135559
-0.15915889886974255
-1.5354942288713176
0.4187876774363102
2.1151353130781168
5.13041102035804
2.4420858096372156
0.5929452396909098
3.8572065160366775
4.72991925890511
4.471652284818431
-1.5279205911643574
-3.158527419099382
3.745774945566994
3.0530138797048663
2.369607397482497
-0.10930234769684732
5.0107464178674865
5.898946035930751
1.0650099562631445
0.7297920944523295
0.9624291869409083
3.961361566828902
4.71216380852819
-2.060515474387869
3.312015837653729
0.8662282159528991
15.078276052206151
2.355695565401522
1.6623876805935827
0.4707546497597306
4.967601227721841
5.1958675139344646
2.4843882119267704
4.406142731165939
0.22530602016318024
4.152553780429386
2.9279994150453925
-0.22160810602645142
3.5631602830502276
2.035505533475672
-0.03270837613384803
1.0474615278175354
-3.5411208997725288
1.800407375567521
1.0427301743280077
-0.45275771974443946
4.530345280683218
0.13744165715865697
2.7473693359985516
0.7860720630887594
4.12961208148589
-1.0533393165663294
2.9887804118451635
0.609097797399315
1.513620176511205
-0.5897229430540971
-0.5605192067831353
3.5232173870885677
-0.7932798179005605
1.5574509094490823
2.807764945206321
2.0001487641465157
1.998246199578823
1.9466081745007142
6.369778450835966
2.842795402214785
1.31995216148839
2.119104647204492
1.8333492168676826
-1.5617928163220918
3.223711322432777
-1.560007264092701
0.21182806286737765
1.76809058710549
-0.76621160370886
0.538758965327186
1.2205923876873246
3.2822838150968283
4.920825997198783
-1.255370248978426
2.7903229817875257
5.369827265354186
4.124635241045157
2.699790534277748
2.281187759820396
-1.1133605714307724
2.6136632372190554
2.011434932298957
3.5278068757331513
-1.1726989090069342
1.5431704407112214
7.592489510092108
9.821207146361784
7.3399992664123515
3.8628484580821265
1.7578409858928277
2.4625478697362944
6.6768729112451615
4.489701480899858
-0.43407713621039457
0.6330784973223738
0.47988582221398013
3.151624587711589
-1.7431023328045732
4.348210913926796
-0.9192274164997776
1.7412963973357876
2.7977351066984806
2.5503957153452474
4.026131572495175
5.709945421485699
2.3584820464229796
-0.37157199815725983
-0.5752895200714951
2.0698765380058113
2.333466005900913
0.5735960324124574
2.275146683758561
1.189166527116933
5.61480403778553
-0.2914633299920453
1.9725214234266197
4.005261438420094
-0.16312247544762504
5.394360163087772
2.5841164488675537
2.1657651390141996
4.687162865080022
2.5172565263597324
1.3299579938649824
0.8793711625923257
0.41402160935698773
2.1696820064516307
-2.9710440493152044
2.7121335906442665
0.5585264628430968
0.9239160000141611
1.1261752802796585
-0.49716318061500253
-1.2779174484641722
0.9703926628082935
1.1538922433982857
1.1914445942603107
2.617921811822751
2.528163946961408
4.909880684308243
1.7467453702274154
0.6979207729563686
1.9859547880851176
2.982484927065089
1.6673437205938217
2.5602145781602745
0.38206929070917917
1.5406324911125573
3.3965723757699955
0.7167873594613567
1.2762417897702238
0.6466582549909865
2.637406332991139
4.5138299086599805
2.0534430328741333
2.8048081994047984
3.5661386537485606
1.5632285222672773
1.8702986597298144
6.453904503796846
2.0982996703703365
0.45166975914428176
8.12418977225574
6.103331655603013
1.169349064754604
-1.93928932245395
5.758111961601986
1.653437719143217
-0.00447517673540565
0.409323513851211
-0.13675988447251242
1.539462040997051
-0.27407242994577485
0.5451127187014204
7.834627406395729
1.6200129743999745
7.465107895084301
0.7163246483655705
1.579327240849161
4.536533060929553
3.169348087701601
1.0245360698045358
0.31078264378726783
0.7971883585200719
1.3974227726697606
0.8887172680523492
-5.508058708527724
-2.9785849106935673
-1.0253972379976766
3.1268436298808453
-0.20961081473061993
3.288047618320727
1.4574806187535025
2.0741096245497754
4.48918468237019
4.23637627881253
-1.2174984838243554
-2.415827163358709
-0.39522529064238654
-3.1014431147463464
-0.8422734768980937
-0.14285685007257753
-0.12248451421709916
-2.8069077565444025
1.2932364468987911
-0.30166528978083385
-0.8317333904677182
1.5018559984277224
0.4820380506284241
1.1230519579076461
-1.926401200822122
1.763241067320566
1.663370725033259
3.1387806547116406
-2.485779233899028
2.540750922965773
-2.0606589884494797
-0.8898151776162071
0.42385433899591884
-0.04298121332327409
3.6992278787623727
1.4238958822962144
1.1337886412670664
0.8593861976899566
1.84581101197096
4.19445475765316
2.7693708216336352
0.6686785557195425
-0.48750801639992525
3.053316198100677
3.4342405705262022
1.7702883176507833
0.7660327281785011
-0.35902742802928045
-1.85910202255687
13.113526510320206
-0.7418113573898946
3.6067728139937287
-1.2859328348277244
-0.9748264259714918
2.2564612137104394
1.4640020210789435
1.6773256280515405
-2.154180429885536
0.39689471340046034
2.8045321054412637
0.43315763785930916
0.09149321515638942
-0.46176162642948126
0.04600889750607173
3.9301630667977725
4.46223761009875
-0.022017049375806952
-0.902667100317126
3.169434652270909
3.0693693146180445
1.719466429266296
-0.32092938833837237
-0.38904155991174005
1.409914510040068
-0.7035359209563088
0.3144341754509772
0.8400365023976653
3.040152904208961
2.543690365149998
6.567817907940632
2.350476350597005
2.7331505046751468
-0.44202263352247106
1.1902299712501105
1.7890380344748054
0.6329462295986301
1.6628893247847427
2.320842625100291
0.14399906801369688
-0.7494481060286224
-0.1832326987767281
0.09822433455912116
-3.618312502338233
-1.7897924578423632
1.3905787568975352
-1.791779076060051
-0.28530187472141755
6.760536387067381
1.797417196075256
1.6894985573067314
-0.10111651199074356
1.0788927792593819
2.6956383469590084
-1.4036978957872737
-0.021374726962085866
1.1621438019835326
-1.9572647835484642
-1.9780457545978913
4.188180303757804
-1.2909418985556245
2.1040683987844115
2.0992102778327117
1.5710842445057132
0.3506322285716472
-0.4969122918880988
-2.25431363163762
7.443793066408137
2.4660982383209786
0.8978108844127441
2.444787604525305
0.7137561334988705
1.143540024845141
3.3063983869680023
0.8198377080890911
-1.1002828178592068
-6.328273883716713
-4.042221873901037
-4.507770174683705
-3.6237002668186484
-4.308722209422111
-0.9375892181301444
-0.5386598432173586
-2.452973729045339
1.8604878624059036
0.30259758200687226
-4.628545349461197
-5.739006051396989
-5.721052747530562
-3.917633556764354
-1.533493019311864
-0.7662117019266059
-7.625366612075459
-6.861883583320748
-4.260240848632991
-0.9663220559471746
3.9413878227890464
1.3615212460729074
1.0006318243344134
-1.6592419093754753
-5.112155085393632
-1.678942488085755
-3.193159637606037
-3.5025333991806216
-0.6606399365839768
2.473334865144344
0.33945855396464664
0.30227133368392023
-1.585423543943216
3.3973029982711873
3.73703757912409
1.6571755069932257
0.5847355166398216
0.1412517996838154
1.4728562807543244
1.3576325441280273
3.2975884669603195
1.4440542411413397
-3.0008781661698833
1.0949168177271091
2.110413581878227
0.5864194184398297
1.4729364260589732
3.2904759375731025
-1.2074130847777198
-0.04124860970214872
-0.07344406969461748
4.5299732196084435
1.955352034449554
4.026038624900954
1.841843136513858
2.4933649104824482
-0.24919289468482364
0.5892113477618042
1.9482967181861781
2.5602044660140004
2.264744859441705
2.6008661899173484
3.6079640261052672
3.5703977477767284
1.5646260745081626
3.6781821510521144
5.517491786541229
-0.7092186721784388
3.458733066793844
0.7090129139887718
-2.2590107048690786
2.1681905480282513
2.1892113465373013
3.289176757727711
2.2425114893171973
0.9628510482036323
-0.5043613652479626
2.006606008575801
0.16067276882549253
4.076142326084164
3.6981769576859733
0.9445796284082435
0.18039556644757693
2.142858124765683
2.837681426258173
0.42649566911488646
2.643247278131543
0.584900710702998
2.9643197535989527
1.3970307690736836
4.2494305916327395
2.348807649206444
2.7271716951677085
1.361826551471178
3.089798909439419
0.8211446641456714
3.0888449595461025
3.783668760711974
1.5822311090327301
3.234100862825981
2.0913870205761484
5.95656492555109
2.9826912635713025
-0.8624624521508639
0.6422695272038437
1.1249058017309963
-1.170045599330398
2.5822130140118014
6.915100038631699
5.696926692002506
0.23733000908812318
1.087844485952846
2.5679668274979908
2.016579921668467
3.6712888276648323
4.427293834902107
5.107998399318344
0.935885135875935
-0.7183802689735808
3.694208990569387
3.645039642633994
-0.1570010169839584
16.89028126747498
-2.8553335585750776
1.4491272522427285
11.914052699072991
2.422065923334414
3.434210280810775
1.5122822653355261
6.116236240528146
11.841013373684985
6.4234241937627115
-0.04705864254034742
1.059666358948754
0.362125533147051
4.747014742105288
6.036329959149738
5.228278778603001
2.6847316708641173
-2.7117608725684588
4.276801393996484
-0.452041224917507
3.2576333043105583
-0.5142657038822966
1.1812118587159512
2.5176016532576284
1.9586648496102173
-0.09797379623622349
2.1736758339250195
-0.7788640918631877
-0.6380672032481478
1.813311756784243
3.0681607655213203
2.566708852376931
-0.14448103348758412
4.234999829624372
3.702416463283245
4.356816921497549
8.043228911113598
6.474747567528668
0.39558665663829706
-0.22716326924519947
1.960416515013462
2.238120616858266
1.0751689976691805
0.5732445853789101
3.687822901462556
-0.059458846255723286
2.938844903232249
-0.288237667310288
1.1691048789144918
0.6520007559728718
2.028863055864869
-0.5222464571070475
1.0982997391916522
1.0510239419839476
3.0353596248056514
3.461161239740276
-1.3340855157585536
1.1117446157358128
2.604136830097056
0.2636785108667552
2.2624124256013562
-0.91705221135653
1.1725026684092212
0.7640949836874176
-0.478422692488802
2.806626229383296
-0.5926180861545527
-0.5005317501116955
-0.05724277853558646
3.718490681828129
2.694364273644915
5.654311005496088
-1.6153390180543685
5.062059163848994
1.705253175683477
-2.0576992861008696
1.7147460082424126
1.996163965744598
-0.47502350737849186
2.3318607200796233
3.955684570387215
1.8931785880549914
1.366805254374014
0.22915337624006837
-2.1465005522837934
0.28031988139224295
0.03333304930989556
5.551308730981628
1.3078596863515262
-0.5520085079541974
-3.3081975090200526
-1.0024721118532718
-0.8041772891347989
0.25567971629584996
2.2876193139696746
1.2747146992941765
1.3778766255766137
6.042392881933333
1.7500737476642751
5.276253065368345
-0.2341435640906977
-1.0854812589272367
1.7900535499370849
0.3084145682073436
2.8089812468594317
-0.6530202816936543
0.2553813647110239
-2.1624750699223956
3.244005412355894
3.5141814796260253
4.468585419745678
4.686892693202121
0.8369252489102146
3.4763022582914784
0.546427244390995
1.5764960733960611
0.9048283815189
2.3002705402181007
2.42608481103846
1.3104403505735378
0.8419674420584711
-1.0105003173697713
0.21912625163905064
2.0162183229746997
4.932457887414218
3.0851056463634943
0.8778669003206065
0.8484855013696688
1.79933233231718
2.2197900808118978
0.8820177994215728
-1.773420928651551
-0.281405343623224
0.6617551106181854
-0.218338777392157
3.012479391111146
1.2533476200711666
0.007293249674209301
2.2466532149948235
0.256669717251399
0.31306640986797185
1.497036253220842
1.5013538236465842
-1.7722861342976648
3.56812484873507
3.2362480231568647
2.1025820736847063
1.1398781923336256
0.08632295207811258
0.3306457150825812
8.132423024002472
1.8288034791910759
-2.036269466772735
1.749310016336565
0.8270858184172392
1.1817423026033456
4.655292564001968
2.798678624474929
-0.3545453143197679
2.366875043678732
1.3329474645929218
1.6072836384828064
6.291317836006803
5.903807179732585
0.6392582663467852
2.761004595950074
1.9078776121937386
-0.11935526747438696
0.5124211877374476
3.9224980068297346
2.9547634706794064
4.316981842104613
2.280755074088093
2.667201447701397
4.389141030519011
2.219737553881493
1.3162562885102087
1.8995682001528393
3.554680420556041
0.47809147707847965
1.754786325155905
7.020692003451371
3.1073436359413016
-1.7066199892201812
1.1793850433555049
2.0815189452077774
1.660667479687016
4.154504973821434
1.928318526519133
3.240544897818192
2.8854938560040004
2.500210207125822
2.074884710522398
3.168747697942087
-1.8249280733005984
2.1297609528763326
1.6244863786871147
3.5889830858903107
1.444957944686036
1.0157829701022973
2.150825854549539
3.910467747176364
1.490956576353663
0.8600769906851806
-0.8065438148881798
-0.9425130747372206
3.6284449032604256
1.6569864862678645
-2.0785326651122253
1.9872586440778544
0.4760421271135824
0.30897160869830165
2.3859857939608484
1.5976263094362895
-1.8440841664833807
0.529484016123309
2.871023633627044
3.2207676237637846
2.321271977559242
-2.188809719235893
0.053371654209262376
0.0033423569065977876
2.767798182115502
1.577604874267509
3.031828761236701
0.33170212632081575
5.464914066271353
-1.666415779238001
5.411898381211264
-1.2807345558821277
4.5221180104919405
0.35181466795927907
6.890882500886947
1.5433115129712713
4.0756076939519605
0.5751351596201075
5.535078216319944
0.6995414409139227
1.4805646664077667
1.9551942693297455
1.3060904827730593
0.14656093292825179
0.5186158888055121
1.1956681668579467
3.1479012836287925
0.1186684500028079
-1.0524277762165797
-0.6957091194321081
1.5727262142048544
0.1585422055200445
-0.18782756640744336
0.7406667964361857
5.541490115009208
4.678840798799106
-0.36433230749100254
1.8554569995523749
-0.3181077839552482
0.12261691858644985
2.8284979493919638
1.9058362921840464
-1.1066130070905882
0.2686051319488203
2.8430922022913965
3.2202976338062523
2.720866514109978
-0.8253423517017902
2.8248782790634652
2.9496385449526983
1.698185372961753
3.655550380239875
-1.3766921206582738
3.6114623398879155
0.7562759102001848
2.350299290883762
1.6165599309789562
3.1421820611909466
4.731447098720205
1.6041894521232631
8.108611116223209
0.14019356623222223
0.6681322991582603
-1.0390916615402261
4.292990854777939
5.412440351448993
6.147372937068312
0.5108689900735899
-0.24584515269995788
2.2380609624202723
1.248259752202705
3.9532194511975973
8.268309069511856
0.7466473575802883
1.7996634496788781
2.059318969342865
4.80927662987991
1.1666758178990306
4.3988724252842
13.403549248556466
4.748005403512631
3.325424813666851
5.2715090174643695
4.439077383728333
3.194899778043193
0.7094401522660341
2.1009254524809045
5.004848304183657
11.093559425593634
1.1982262212025716
1.5418480838052255
1.4147476746379835
18.325075873290807
10.854629883654912
7.185644560242004
4.212915297388603
5.224199865782478
6.403626896884997
5.147927663460431
6.004475103763452
-0.16030966620031073
1.2407464307723464
2.142891474822812
6.61994956324542
2.237045222674544
1.364544320734196
1.5865826183122422
0.7423970096542674
2.5846706378451585
17.902426700667522
5.786809514655925
5.7373627048964595
7.623704121675749
8.695522598360744
-0.8923403634050182
0.7813353962702307
-0.8322837396170337
1.5008247417171598
5.57812072362376
0.9375106562386846
0.1060365500849132
4.711037436436855
10.582758750999105
4.2739833146640525
1.8309812431948098
5.201786958147731
5.813527742977801
2.09363122167417
5.855384243479561
3.6182569009353207
24.090982583353295
4.7438518674651515
6.796924707920209
3.869971275454376
3.0006260228684356
0.036511067854235524
3.3166786587141486
3.528309397430773
2.7680917315969333
2.571846887225151
3.4800100111338157
-1.8290609152088062
11.53443517800218
3.0347559585665658
5.107573122258437
4.148336708223878
4.825609449824029
5.996731708942656
5.218559879302514
4.023309655650805
0.6523153521728766
11.44591742139257
1.0951026567811994
10.850427733140481
5.385775101440212
-3.2916327159151137
19.41128970792652
3.995664167254306
6.000358364326901
4.054635700245335
10.246234460638203
0.09959826638577884
1.4268237524485026
3.792384221991021
2.9128561417832093
2.567733533538026
4.254760153638964
3.760755045727568
5.997486540250643
5.19787000417701
2.662142419781418
1.9818179024529854
2.339813820462581
17.07614796522111
0.729984663267597
2.5465052785388833
5.574120479942193
4.275114658082001
4.815851987411628
2.5376419315711765
2.119783219743348
1.817356508769208
5.338846432163524
4.463926952037216
3.0550398974978057
9.392933327979215
2.631957610446062
-0.3504841764156621
5.372704372910748
6.62107795768705
4.920273893724733
3.969458677312673
-0.14086430326010735
8.276032611257826
7.560603821362329
4.075065833386837
7.270587106077353
3.7912813786988604
3.441614227073602
1.6872733581847117
2.0861967510155193
5.291609449049841
1.145875510128191
-2.0936031804340143
1.8927934136484115
1.9106064636122515
1.8142860661584952
3.9197549491809323
2.1401741372452463
4.206142814527209
6.14858368331803
5.183709933944412
2.4175848468314305
5.868527017964898
6.899354665291593
3.155304375671019
0.5774411015077126
0.14084494799365954
3.435521858185964
2.597761744385239
0.14234581794864543
1.8362079297806966
2.5033500863633438
9.985335667439395
3.5146229901097117
0.4580355284098343
4.430676049595231
1.1543011643771701
2.9765631588774166
4.31523440148023
1.4305092036627003
-0.5172394325457756
3.7667537591065887
0.9766327166256461
2.8539432375457574
1.0818054674457744
6.935570463852521
0.08832762873772171
1.0437033467691814
-2.1460506885508392
4.3451955455690054
0.7226199334105121
3.8596701567158203
5.115488701168362
0.08575170894016693
4.003865656838263
2.1974088515948105
0.27985362193435015
19.73058627070094
-2.697014595992716
6.16155849618636
6.335599380344267
1.6670028180285072
6.456693400972192
5.589324399238897
4.401976240549663
3.76841313704036
6.758100235060254
-0.25684070066029907
0.7916646854666705
4.755608454368656
-0.10204021214074777
1.0052867136027561
-0.4554721981693628
1.3604087613868243
10.269269096944791
1.08362419702639
1.0334110280266111
-2.1710239368495174
37.58078980429803
2.5479159227609314
6.321677765227164
6.655314281663289
6.333351875617362
6.217441759514966
4.112250174400614
-1.3370604731937485
3.1121258843453443
1.053503949058825
-1.7083121899861735
3.9631622659813934
2.7629548035797864
1.0540773444170217
7.963388876091027
16.619234521261813
2.7357549209791125
4.05395232917159
4.239088871382318
2.5801187549553175
-1.5667417641031756
1.5032668698967027
26.47768049872672
6.8685739155229815
7.412972607493162
2.745598926351271
4.067489310043813
0.9233240364849371
1.241856073117243
9.689132202616257
-0.880578877909004
4.18295679902295
3.713587208525511
28.693221419699256
2.8542970033645148
7.876563975056381
4.118001968038933
6.727050994171611
7.139789908723287
-0.8597886451777268
0.6282033688931934
0.36983945145676933
-0.2168342604297826
4.500024441962521
6.428161939351165
0.1911736177181278
2.174001296293637
5.364148352190565
7.833061808823843
3.2050883328417648
8.379444010464127
3.1182208235429734
28.965772661261976
6.619307928272971
6.187140762345468
6.50732705939898
5.711852168895332
3.502236482690177
2.270329267461456
5.322461694608118
10.574128032208664
6.261061246017198
4.631617220512219
10.749586338944754
2.815167971411264
8.355669802467752
-2.8739002597463896
10.046280401185495
5.314016860687339
-2.52233434196023
4.606733180414939
7.435975151696914
4.398676515613848
7.62053460598877
2.688641467439875
3.63679184211047
4.908551816314606
6.008592822160101
4.886680647002111
-0.7530897716547091
-0.04262822842473457
0.12307575014161376
8.58061962626054
6.991778186620422
2.908284820641881
3.2421027522698846
3.9630024119678673
1.15785887230999
2.1732881705804643
1.323399075133214
4.390948224891268
3.0912582582519823
-1.296967159601133
6.984222794703865
7.668906046459081
2.828953573248767
3.4947806685331595
6.932083215716989
2.9072701624276487
3.6900362812254173
5.418342536059868
0.6174881545282571
1.9374945546269295
2.0574919923703407
6.018375167005204
6.08084993849727
4.831601247248184
0.5520260248218638
4.863878695866827
3.5901503012625025
8.08730742350238
4.464459650295225
3.738253686552946
2.2544969261833607
0.22923758940175398
2.187495087928081
3.0689646264746013
1.0958369634940253
0.6225182511143488
8.183032892859861
7.378494648430817
6.120489159256036
-0.14141114195807436
8.536928819379012
2.1620253892026104
-0.6204651816267874
1.682437899635526
10.350880556704588
6.275932799315461
3.8840758599317295
1.3723631263665084
4.855425535390807
7.0959821229796995
0.3399367974908567
4.408477483139129
0.5426151836143478
5.362315338765772
7.343668801837649
10.361145089782898
1.9182501668676282
2.1501824113618224
9.473055702406933
2.6636827023594627
3.8087971783661088
6.602501276217007
5.095468696369213
2.5264492192088004
-2.570037769940374
-1.3902808662609816
2.247867291578512
1.0852751822523554
-1.837456395771377
3.2556200074914665
3.6399366596661737
4.763202176621002
3.3944274997051
1.109416546675413
1.2046053493620554
-1.6219238227054236
8.496742992161078
-0.5221054597445358
6.736480313995447
0.9620540052046411
-0.13453979440453234
4.533838970641096
2.4162410278040274
-0.8350396450277575
6.28154181225475
1.708298895162416
0.4985158565069501
2.6646764825180425
3.381285255997498
1.7805962574440395
4.14805627150287
5.539705010200887
3.5261286767773807
-5.305182191546669
-2.8302025572633136
-4.346857151050517
-4.274788161629648
2.8892476591948655
3.6556876194456294
3.3783256340848054
1.8435775226358067
-0.7850316738582122
3.8158010199433203
6.0704030677139205
1.3103289555566235
4.078344010055366
-5.74423169849083
-7.530891643812891
-5.6797045095362275
-6.737060935167639
10.149951325020949
5.380709079249663
9.096512907967217
1.8379525974566422
-7.718489678109517
-9.228727980385424
-9.052809841940132
-5.423258451840553
1.1509328787096473
-0.5032901409479567
2.6323727933804015
3.188905317241532
0.5434859052256535
2.1673498794210833
-5.614861865147072
-9.669455554387273
-9.452615390514364
-10.532394457960356
-1.6172412772700213
0.7113243773431366
0.32479399911244555
1.404845949899362
-17.407688302191048
-16.305501746456493
0.32725467889429494
0.3343796831082366
4.246102977559732
2.2178356777667063
3.6018215630003287
0.14308231357921697
-6.065830927041591
-9.500323261373605
-7.072888143389431
-10.671195009566686
-7.048064955796436
-4.960455331281997
-1.0222178022613555
0.03486367611847219
1.0804693833702224
-1.1477143736386317
-9.252631057494005
-8.229853758165582
-6.257131348410755
-6.850522646993487
-17.559913621227928
-0.7404705084594259
-1.0825754700813073
2.851880832800112
-17.58715805486357
-15.377729857274256
4.060261685473463
-9.66704675425834
-11.601371880133952
-14.346021385584894
-11.55193010073008
1.4141462686926822
5.45698498331306
-0.1419706722809888
-1.903391115532624
2.182227138785414
-11.516282036671427
-10.196421053188995
-9.500951972884067
-9.77266355148914
2.4811334797071183
3.6440805456946137
2.250316592101443
-8.359673564617616
-8.64201157342592
-9.854099645637566
-7.5845491867209915
2.1953582421879267
2.9370164740773514
-6.01684545051147
-5.00135790631527
-5.914793063519275
-5.728283565452507
1.4732919246014913
-0.2065094427176113
-0.3030345185271821
0.602285738142484
-0.22208054483067152
-9.529005722279122
-9.22877859144904
-9.333266219006637
-10.683243423166969
-8.835650661194435
-8.896773233861403
-9.97742559407343
0.239013272745354
3.084764953271139
2.067299971180131
1.4096362653639352
